,x,y,z
rec.autos,0.13553783,-0.26890662,-0.121207654
comp.graphics,-0.3294737,-0.29994288,0.009221269
sci.med,0.0903022,-0.27684376,-0.040084127
comp.graphics,-0.40081224,-0.1740245,0.22469689
rec.autos,-0.12634015,-0.42142627,-0.29229718
comp.graphics,-0.56522703,-0.37156895,0.088455334
rec.sport.baseball,0.26711878,-0.3364909,-0.1134264
rec.autos,-0.32204288,-0.3843739,-0.12484317
sci.med,-0.04085277,0.30469686,0.47732532
talk.politics.mideast,-0.0212002,1.1291395,-0.22897434
rec.sport.baseball,0.23302348,0.26494163,-0.11206825
rec.sport.baseball,1.0534866,-0.3445395,-0.07113754
rec.sport.baseball,1.0155088,-0.30390972,-0.058351427
sci.med,-0.1195781,0.050552566,0.04020007
talk.politics.mideast,-0.008061008,1.5506021,-0.43026984
rec.autos,-0.27742007,-0.57497597,-0.36368543
rec.autos,0.3336207,-0.04961954,-0.09314154
talk.politics.mideast,-0.0034270738,1.6614522,-0.47094756
rec.autos,-0.06789044,0.558122,-0.17705336
rec.autos,-0.27069023,-0.4689149,-0.26707932
rec.autos,-0.07372767,-0.31993225,-0.1168682
comp.graphics,-0.9721826,0.012317948,0.43619728
rec.autos,-0.25827244,-0.57149994,-0.29867932
comp.graphics,-0.6117286,-0.45950794,0.11234776
talk.politics.mideast,-0.028120028,1.2872214,-0.31107667
comp.graphics,-0.5061225,-0.37163013,0.087423995
talk.politics.mideast,-0.01834738,0.75799966,-0.08670294
comp.graphics,0.012087307,-0.28911376,-0.042041726
rec.sport.baseball,0.25304,-0.2060339,-0.048605993
sci.med,-0.13446315,0.39327142,0.66907185
comp.graphics,-0.15851867,-0.11631863,0.08319322
rec.sport.baseball,0.4112711,-0.19102293,-0.0503593
sci.med,0.3845973,-0.15111518,0.08554449
talk.politics.mideast,0.0054984363,1.685732,-0.4826557
rec.sport.baseball,0.93436897,-0.25123334,-0.0443671
comp.graphics,-0.050873518,-0.34217817,-0.0319472
sci.med,-0.13422623,0.20750996,0.41796935
rec.sport.baseball,1.4571738,-0.22471066,-0.0611725
sci.med,-0.1425553,0.38731134,0.6919089
comp.graphics,-0.4437418,-0.34676263,0.055989474
talk.politics.mideast,-0.1550365,1.8101803,-0.32373825
rec.autos,-0.2846597,-0.6385845,-0.4088699
comp.graphics,-0.5710002,-0.3835864,0.038959533
talk.politics.mideast,-0.0028307778,0.58091766,-0.100923985
rec.sport.baseball,0.44825327,-0.23828557,-0.059802234
rec.sport.baseball,0.13141195,-0.3016321,-0.09332615
comp.graphics,-0.07665637,-0.22406898,0.04007894
sci.med,-0.11660409,0.15623379,0.3272743
rec.sport.baseball,0.92297584,-0.29054508,-0.056846198
sci.med,-0.054367904,0.29019263,0.46049592
sci.med,-0.12225264,0.41000614,0.6245947
rec.sport.baseball,0.5601246,-0.14646171,-0.16769458
comp.graphics,-0.29689205,-0.33438957,0.041026853
sci.med,-0.013839193,0.24146664,-0.045093227
comp.graphics,-0.555527,-0.42646104,0.076517224
rec.autos,-0.13912903,-0.287248,-0.060115542
talk.politics.mideast,0.047887437,0.47855115,-0.06783163
rec.autos,-0.20306632,-0.43029016,-0.2578346
sci.med,-0.17474684,0.48488092,0.874925
rec.autos,0.04918828,-0.24777073,-0.0358274
sci.med,-0.12566383,0.30108133,0.45894694
talk.politics.mideast,-0.026931556,1.0161211,-0.17981638
comp.graphics,-0.57503164,0.63509727,0.893172
talk.politics.mideast,0.28088132,-0.33717382,-0.14234877
talk.politics.mideast,0.92641443,0.06156476,-1.637621
rec.sport.baseball,0.25048918,0.08595222,-0.09212341
talk.politics.mideast,-0.05589312,1.1175523,-0.1690836
sci.med,-0.5208432,0.62966233,0.84594965
rec.sport.baseball,0.09533901,-0.15119746,-0.05290249
rec.sport.baseball,0.40748894,-0.40413824,-0.20167127
sci.med,-0.11100449,0.33525363,0.5477317
sci.med,-0.05404993,0.173802,0.45580482
rec.sport.baseball,0.86507386,-0.31367695,-0.067597665
rec.sport.baseball,1.2273449,-0.3175076,-0.047380358
rec.autos,-0.22981533,-0.090590864,-0.21402746
rec.sport.baseball,0.7769925,-0.29845098,-0.061645128
rec.sport.baseball,0.43967202,-0.3680248,-0.15065962
talk.politics.mideast,-0.0058953054,1.4413856,-0.38615572
sci.med,-0.088886276,0.294909,0.5545365
rec.autos,-0.10320234,-0.22447565,-0.07966154
comp.graphics,-0.31754383,-0.3846568,0.044371635
rec.sport.baseball,-0.09676208,-0.2728445,-0.070636995
comp.graphics,-0.44259056,-0.3940407,0.06913481
talk.politics.mideast,-0.046007693,1.0469946,-0.16371468
rec.sport.baseball,0.4643701,-0.3554755,-0.14307429
talk.politics.mideast,-0.15258619,1.7971652,-0.32147673
talk.politics.mideast,0.3014648,-0.33055508,-0.13545133
rec.sport.baseball,0.7965491,-0.28463092,-0.06330135
sci.med,-0.08727664,0.21507323,0.35659674
comp.graphics,-0.485943,-0.41095215,0.06867044
sci.med,-0.12041695,0.2618851,0.2983612
sci.med,-0.121124744,0.5058788,0.56308234
talk.politics.mideast,0.09549186,0.4153656,-0.14424233
rec.sport.baseball,0.9683504,-0.3181628,-0.08003685
rec.sport.baseball,0.2376581,-0.3849405,-0.12289957
rec.sport.baseball,0.9950921,-0.3078214,-0.060247693
comp.graphics,-0.4489488,-0.3584794,0.06929535
sci.med,-0.4617987,0.08942099,0.44702655
rec.sport.baseball,0.6546948,-0.21440367,-0.05390766
talk.politics.mideast,0.064426824,-0.27263615,-0.08915434
sci.med,-0.04307636,0.29215813,0.4859639
rec.sport.baseball,0.18240029,-0.121907435,0.100411944
comp.graphics,-0.75888664,-0.14864682,0.1949489
talk.politics.mideast,-0.003560439,1.6150559,-0.4541693
comp.graphics,-0.38146752,-0.26291573,0.06496038
sci.med,-0.06869831,0.4182128,0.7946514
talk.politics.mideast,0.027371056,0.48335296,-0.053021796
sci.med,-0.13047512,0.28271312,0.5060267
rec.autos,-0.021923888,-0.3214595,-0.068036884
comp.graphics,-0.5305563,-0.40648493,0.09078362
rec.autos,0.09217223,0.28026,0.17467766
sci.med,-0.058505606,0.15014811,0.35089198
sci.med,-0.0399985,0.21071032,0.031651795
rec.autos,-0.42937967,-0.581729,-1.0385865
rec.sport.baseball,0.076441936,-0.016650138,0.03186135
talk.politics.mideast,-0.021148924,0.9699908,-0.20287657
sci.med,-0.15574509,-0.03433664,0.2247776
rec.autos,0.16664602,-0.24882665,-0.04376733
rec.autos,-0.21014595,-0.4841581,-0.24298167
comp.graphics,-0.16643898,-0.18623473,0.07097574
talk.politics.mideast,0.006860987,0.15568095,-0.033405457
talk.politics.mideast,-0.0017996483,0.8574581,-0.18945289
rec.sport.baseball,0.769088,-0.2459034,-0.039000858
sci.med,-0.033303604,-0.06397266,0.14127512
rec.sport.baseball,0.26369625,-0.25015804,-0.028467856
rec.autos,0.3314183,-0.37872842,-0.17726149
sci.med,-0.03183027,-0.21333541,0.046459597
talk.politics.mideast,-0.0013390584,1.6703702,-0.4767268
sci.med,-0.122994624,0.27527156,0.45501387
comp.graphics,-0.71390694,-0.48300904,0.095359065
talk.politics.mideast,-0.062263098,1.0272286,-0.1178528
talk.politics.mideast,-0.017566945,1.1123434,-0.20194496
rec.sport.baseball,1.1089064,-0.34266165,-0.069214284
comp.graphics,-0.46810308,-0.33996737,0.06694209
sci.med,0.03032702,0.39577034,0.611594
rec.autos,-0.33067197,-0.4708981,-0.16348615
comp.graphics,-0.48900056,-0.40152422,0.06697403
rec.autos,-0.25196534,-0.49815264,-0.25889897
talk.politics.mideast,-0.017405001,0.74518704,-0.08190261
rec.sport.baseball,0.8747275,-0.30971086,-0.07182422
rec.sport.baseball,0.85721326,-0.28490368,-0.056946598
rec.sport.baseball,0.59659564,-0.3069578,-0.07943906
rec.autos,-0.024970843,-0.32082483,-0.12585914
comp.graphics,-0.4577251,-0.10652949,0.14040253
talk.politics.mideast,-0.03325593,0.8016097,-0.1314043
talk.politics.mideast,-0.018353445,0.954051,-0.19535027
rec.autos,0.06423395,-0.2914922,-0.09007081
comp.graphics,-0.35395515,0.02616416,0.04317417
comp.graphics,-0.51109886,-0.396057,0.071047164
talk.politics.mideast,0.6164896,2.139945,-1.0424098
comp.graphics,-0.5975404,-0.35661024,0.13905078
rec.sport.baseball,0.96504056,-0.29937264,-0.061078597
rec.autos,0.10105944,-0.1879684,-0.0733888
rec.autos,-0.20027317,-0.34189406,-0.057873156
rec.autos,-0.16164833,-0.4778998,-0.27253848
rec.autos,-0.25097743,-0.32475698,-0.08027548
sci.med,-0.16369775,0.41679227,0.7092654
rec.autos,0.35251752,0.7362359,-0.16086206
sci.med,-0.16038089,-0.3237745,-0.15389152
rec.autos,-0.38047928,-0.19781747,-0.49698457
rec.sport.baseball,0.2587747,-0.28860638,-0.09256059
sci.med,-0.13946794,-0.10347978,-0.011717783
rec.autos,0.03515182,-0.25080517,-0.046211395
sci.med,0.07872235,-0.3120751,-0.04433348
comp.graphics,-0.4173495,-0.26272213,0.114935614
comp.graphics,-0.103167154,-0.29161245,-0.0009150257
talk.politics.mideast,-0.10541257,1.9640863,-0.45789453
sci.med,-0.031994123,0.17607008,0.40946275
rec.sport.baseball,0.5075906,-0.16211647,-0.020950202
comp.graphics,-0.025194658,-0.29082593,-0.051314406
talk.politics.mideast,-0.0040157046,1.6178004,-0.45469707
rec.autos,-0.29893854,-0.5974661,-0.62460095
comp.graphics,-0.19657344,-0.18736956,0.052219547
comp.graphics,-0.39790833,-0.16997048,0.05764723
sci.med,0.015062322,0.3478166,0.5639334
rec.sport.baseball,1.2717155,-0.3024151,-0.056535672
rec.sport.baseball,1.2598755,-0.29029402,-0.05503218
rec.sport.baseball,0.9923738,-0.33465174,-0.06855599
rec.sport.baseball,0.7639747,-0.28812,-0.060588393
rec.sport.baseball,1.1205826,-0.31227326,-0.048332658
talk.politics.mideast,-0.039640084,1.0909351,-0.20367339
rec.autos,0.027477315,-0.37050578,-0.1258888
rec.autos,-0.21699607,-0.47178563,-0.29880485
talk.politics.mideast,-0.0013297863,0.7831052,-0.17736354
talk.politics.mideast,-0.023449162,0.99006367,-0.16450882
comp.graphics,-0.20752189,-0.17974368,0.04600776
rec.autos,-0.22023417,-0.3458164,-0.13832097
comp.graphics,-0.8170727,-0.5044399,0.13556385
sci.med,-0.05990161,0.28015718,0.35422656
comp.graphics,-0.69070727,-0.4658748,0.100529514
comp.graphics,-0.73522156,-0.43465668,0.12743795
rec.sport.baseball,0.08369565,-0.21415251,-0.086476624
rec.autos,-0.15157545,-0.1875213,-0.12004996
comp.graphics,-0.6891599,-0.39545596,0.1259011
rec.sport.baseball,1.1637721,-0.321143,-0.06484188
sci.med,-0.22704886,0.5965584,1.1334198
rec.autos,-0.09681988,-0.44776145,-0.22232181
rec.sport.baseball,1.2030355,-0.33570212,-0.0634401
comp.graphics,-0.3260659,-0.3320988,0.055379387
talk.politics.mideast,-0.012178667,0.6107374,-0.15325408
sci.med,-0.49082735,0.37697402,0.6897881
rec.sport.baseball,1.1195767,-0.32659048,-0.070683084
rec.autos,-0.11579692,-0.11155733,0.02493825
rec.autos,0.2635466,0.14982116,-0.16169187
rec.autos,-0.4087373,-0.42055953,-0.1702313
talk.politics.mideast,-0.0031351775,1.4000971,-0.37469536
rec.sport.baseball,1.3895522,-0.356184,-0.05541028
rec.autos,-0.39372364,-0.6791597,-0.45268062
sci.med,-0.072310425,0.25979716,0.4052772
comp.graphics,-0.5694126,-0.19945277,0.11060356
rec.sport.baseball,0.83041656,-0.30409375,-0.07055145
comp.graphics,-0.5031121,0.604339,0.8130929
rec.sport.baseball,0.76208067,-0.2913868,-0.06943026
talk.politics.mideast,-0.0048885336,1.6560718,-0.46671343
sci.med,-0.064296864,-0.14705577,0.101104096
rec.autos,3.2742536,5.808884,-1.351406
rec.autos,0.99587274,0.1351122,-1.8164045
rec.autos,0.023646496,-0.32964337,-0.09507891
sci.med,0.15811637,-0.23168272,-0.091526635
sci.med,-0.227231,0.5977381,1.134348
rec.autos,0.19439071,0.55451155,-0.20625974
talk.politics.mideast,0.059168775,0.57039434,0.071441345
talk.politics.mideast,-0.0032213842,1.7046483,-0.48363292
comp.graphics,-0.51468766,-0.42677617,0.07402301
sci.med,0.03076141,0.33499837,0.29454967
sci.med,-0.17495467,0.018539174,-0.003364868
talk.politics.mideast,0.0102056675,1.460064,-0.46223933
talk.politics.mideast,-0.011052786,0.14401755,-0.02116809
sci.med,-0.22442935,0.5117026,0.7256007
sci.med,-0.18088016,-0.16234805,0.059667572
rec.autos,-0.17631814,-0.30155182,-0.097465925
rec.autos,-0.43325022,-0.63699734,-0.53960305
talk.politics.mideast,-0.027113907,1.117093,-0.23359016
comp.graphics,-0.38496453,-0.3281719,0.066563345
talk.politics.mideast,-0.019478569,1.0179853,-0.20596415
talk.politics.mideast,0.0063328757,1.2834591,-0.38884965
talk.politics.mideast,-0.0034055426,1.6881126,-0.47824296
talk.politics.mideast,-0.020849481,0.8784307,-0.16066588
rec.autos,-0.14507246,-0.18328544,0.041561063
talk.politics.mideast,-0.034906838,0.93090516,-0.16736871
rec.autos,-0.027680414,-0.18300869,-0.0938076
talk.politics.mideast,0.6234954,2.1623867,-1.053175
rec.sport.baseball,1.2332534,-0.3430462,-0.06488706
rec.autos,-0.08646595,-0.3688539,-0.13466369
talk.politics.mideast,-0.008016235,1.5634464,-0.4323583
rec.sport.baseball,0.1700422,-0.29327548,-0.1071901
talk.politics.mideast,0.057924308,-0.22860962,-0.019486109
talk.politics.mideast,-0.03758547,0.12531437,-0.046115376
sci.med,-0.0588518,0.49787217,-0.11242365
rec.sport.baseball,0.3312108,-0.21438567,-0.014905107
rec.sport.baseball,0.7708807,-0.2356937,-0.046953224
sci.med,0.49690637,0.0861436,-0.0022022864
rec.autos,0.15333582,-0.29080397,-0.13395582
rec.autos,-0.34849438,-0.6859769,-0.42257217
rec.sport.baseball,0.9538335,-0.33572295,-0.058214646
rec.sport.baseball,1.177292,-0.32271218,-0.054724857
sci.med,-0.15609753,0.41857123,0.7377048
rec.autos,-0.13963297,-0.32450742,-0.16477996
talk.politics.mideast,0.002059972,1.781431,-0.5143156
rec.sport.baseball,0.42260867,-0.22697346,-0.01947415
talk.politics.mideast,-0.019171802,0.8921513,-0.15334475
sci.med,-0.13363856,0.18664236,0.38820037
rec.autos,0.07215738,-0.3511994,-0.073683985
comp.graphics,-0.5459412,-0.41631246,0.09067499
rec.autos,0.21376857,0.5196318,-0.27293506
comp.graphics,-0.50157326,0.6041469,0.8161796
rec.autos,-0.15008534,-0.30736315,-0.073744945
sci.med,-0.094200976,0.20275204,0.3655044
sci.med,-0.17712308,0.2747295,0.33256465
rec.autos,-0.11946889,0.13556728,-0.01561622
rec.sport.baseball,0.89546084,-0.24073292,-0.044932798
comp.graphics,-0.5948339,-0.40028924,0.10314301
rec.autos,0.0011974694,-0.25217927,-0.08668604
talk.politics.mideast,-0.0034539816,1.6526974,-0.46634755
comp.graphics,-0.50691074,-0.40715083,0.0735825
talk.politics.mideast,0.04387233,0.28782693,-0.0707923
rec.autos,-0.5464162,-0.23870704,0.03523308
talk.politics.mideast,0.005881536,1.1912531,-0.3249343
rec.autos,-0.29893827,-0.44082168,-0.1539266
rec.autos,-0.1513729,-0.27223837,-0.049134884
rec.sport.baseball,0.65572363,-0.22886324,-0.06369881
comp.graphics,-0.4439052,-0.36351365,0.0703739
talk.politics.mideast,-0.021352999,1.0340132,-0.20772347
sci.med,0.21696667,-0.21558096,-0.06715806
sci.med,-0.106471345,0.28442383,0.4814913
sci.med,-0.17119116,0.4023175,0.71344125
comp.graphics,-0.1680379,-0.24136934,0.013907704
rec.autos,-0.11435838,0.30035722,-0.021717828
rec.autos,-0.11459732,-0.4660422,-0.24244393
talk.politics.mideast,0.004709589,1.5785636,-0.4728338
comp.graphics,-0.28556973,-0.33302718,0.039913744
rec.sport.baseball,0.43835908,0.37535995,0.06178824
rec.autos,0.042790726,-0.583009,-0.40282816
sci.med,-0.068104245,0.29784292,0.60989594
rec.autos,-0.07288738,-0.3496612,-0.16171286
rec.autos,-0.15577492,-0.37505534,-0.026823055
comp.graphics,-0.1679096,-0.2643058,-0.013201289
sci.med,-0.0954911,0.13210273,0.37395772
rec.autos,-0.36355507,-0.5894785,-0.44397536
rec.autos,0.23482303,1.0348502,-0.58369535
talk.politics.mideast,-0.0284521,1.1386714,-0.21818307
comp.graphics,-0.6449259,-0.40716183,0.0953633
rec.sport.baseball,0.759347,-0.28333014,-0.070317276
rec.autos,0.27958167,0.68119127,-0.14100091
talk.politics.mideast,-0.0723833,-0.1131887,0.02286005
comp.graphics,-0.24867302,-0.31515563,0.009444919
rec.autos,-0.015635304,-0.35423708,-0.31736162
comp.graphics,-0.63130784,-0.4029493,0.13114938
rec.autos,0.09606804,-0.16294579,-0.02905238
rec.sport.baseball,0.35681602,-0.19247901,-0.062045105
talk.politics.mideast,-0.0083666025,0.72840184,-0.12855619
sci.med,-0.123529166,0.2979141,0.5127865
sci.med,-0.13664982,0.19431125,0.3790007
rec.autos,-0.46015412,-0.09078766,0.1481481
sci.med,-0.12828846,0.1542181,0.38962427
rec.autos,-0.17851023,-0.47638094,-0.25071278
rec.autos,-0.13032007,-0.40408227,-0.27472794
rec.autos,0.050602075,-0.21355148,-0.01566448
sci.med,-0.09510482,0.08865636,0.26671863
rec.sport.baseball,0.97182924,-0.27527738,-0.050667234
comp.graphics,-0.5560248,-0.44038942,0.07839851
comp.graphics,-0.16954426,-0.10173914,0.091202185
talk.politics.mideast,0.2718536,-0.31482112,-0.14339599
rec.sport.baseball,0.31762204,-0.35459998,-0.13927713
talk.politics.mideast,-0.033948604,0.67259,-0.1022509
rec.autos,-0.34362006,-0.65015215,-0.40206417
sci.med,-0.08735004,0.2537317,0.4930467
comp.graphics,-0.48906368,-0.36016753,0.08938483
talk.politics.mideast,0.6504613,2.2165926,-1.0852767
sci.med,0.090238,-0.13671644,0.07317442
talk.politics.mideast,-0.034474112,1.5059967,-0.25207624
talk.politics.mideast,0.060737174,0.08743227,-0.073465705
sci.med,-0.9768045,0.10701071,0.5110628
rec.sport.baseball,0.8047308,-0.2986223,-0.053529255
sci.med,0.0048504183,-0.12346041,0.030690793
rec.autos,-0.121130906,-0.27610835,-0.11920065
rec.sport.baseball,0.99808556,-0.28785503,-0.047069438
sci.med,-0.09344504,-0.25298488,-0.062191527
talk.politics.mideast,0.06648791,0.47728187,0.055184487
talk.politics.mideast,0.0027826112,1.287263,-0.39155066
comp.graphics,-0.28084946,-0.25841683,0.06432546
sci.med,-0.23069447,0.34245116,0.39542893
comp.graphics,0.13032262,-0.29473925,-0.05400899
comp.graphics,-0.4480232,-0.36744842,0.047808792
talk.politics.mideast,0.010149674,0.71363693,-0.14752816
comp.graphics,-0.31589454,-0.2948626,0.08795125
talk.politics.mideast,-0.121444926,0.95318806,-0.04128259
rec.autos,-0.06799314,-0.26234403,-0.06665455
sci.med,0.03622403,-0.26313785,-0.21900667
rec.sport.baseball,1.0289701,-0.33914465,-0.07919405
rec.sport.baseball,0.8945767,-0.05851454,-0.030235598
comp.graphics,-0.07381752,-0.20938182,0.05610865
rec.autos,-0.34156275,-0.64402705,-0.401982
talk.politics.mideast,-0.008265938,1.5439831,-0.42258093
sci.med,-0.28141978,-0.057239737,0.13772623
talk.politics.mideast,0.048773386,0.43875185,-0.1490113
sci.med,-0.54600585,0.18761337,0.18182243
sci.med,-0.10483608,0.33427674,0.49862754
talk.politics.mideast,-0.0083199525,1.5127054,-0.41802087
sci.med,-0.09781339,0.30478862,0.5563366
sci.med,-0.14011769,0.30837992,0.6342465
rec.autos,-0.055729963,-0.36916792,-0.14078061
rec.sport.baseball,0.14409864,-0.15083598,0.019310294
comp.graphics,-0.55844593,-0.4465656,0.08386627
talk.politics.mideast,-0.009942241,1.4709466,-0.40109804
sci.med,-0.17703754,-0.2577702,0.006159457
sci.med,0.15985174,-0.26823905,-0.051644154
sci.med,0.07224744,-0.2319833,-0.032124363
sci.med,-0.08348144,5.3345456,-4.1421046
rec.autos,-0.22494815,-0.423996,-0.21927626
talk.politics.mideast,-0.019804332,0.74983364,-0.12142422
rec.sport.baseball,0.76435643,-0.2843861,-0.065169446
rec.sport.baseball,0.50615937,-0.2229366,-0.06156757
comp.graphics,-0.020872043,-0.27304882,-0.04717507
rec.sport.baseball,0.89964795,-0.2507215,-0.06239118
sci.med,-0.17398185,0.4279837,0.76367015
comp.graphics,-0.43610135,-0.33316228,0.07240635
comp.graphics,-0.17873234,-0.11637324,0.045589145
rec.autos,0.012712386,0.48599237,-0.18784045
comp.graphics,-0.412231,-0.33066165,0.04273166
talk.politics.mideast,0.0070801927,1.5010971,-0.44877487
rec.sport.baseball,1.1295145,-0.3150599,-0.063141875
rec.sport.baseball,0.7007063,-0.38651136,-0.11898124
rec.autos,-0.1287248,-0.23126,-0.00073580456
rec.autos,-0.26782396,-0.46380928,-0.25422382
comp.graphics,-0.49435323,-0.3882546,0.059456155
talk.politics.mideast,0.16123705,-0.08441334,-0.09922245
talk.politics.mideast,-0.025342092,0.6463035,-0.09999524
rec.autos,-0.31471628,-0.52846867,-0.33482406
talk.politics.mideast,-0.021808187,1.2788408,-0.2833004
talk.politics.mideast,0.007905891,1.6593326,-0.48896825
sci.med,0.1387336,-0.29294163,-0.09641643
talk.politics.mideast,-0.028542578,1.0497874,-0.21372475
rec.sport.baseball,0.71171176,-0.23259541,-0.03837003
rec.sport.baseball,1.1054924,-0.34732613,-0.080483355
sci.med,0.0849891,-0.14826311,0.067872286
rec.sport.baseball,0.20395921,-0.13268663,0.012013181
comp.graphics,-0.44097418,-0.4253923,0.05540308
rec.sport.baseball,0.49319956,-0.21751575,-0.06170632
rec.autos,-0.40123445,-0.31905445,-0.056442592
talk.politics.mideast,0.00513758,0.9203947,-0.2022934
talk.politics.mideast,0.00063026353,1.0780929,-0.18517756
comp.graphics,0.3092046,-0.36988488,-0.15541248
rec.sport.baseball,1.1532888,-0.36525258,-0.05727582
sci.med,-0.09408924,0.17734827,0.2273857
rec.sport.baseball,0.42612165,-0.3610236,-0.09412961
comp.graphics,-0.122233056,-0.3203719,0.018329598
sci.med,-0.13461773,0.45529053,0.8195327
rec.autos,-0.22534937,-0.45581385,-0.22745188
talk.politics.mideast,0.054570638,0.3307891,-0.079521514
rec.autos,0.2953546,0.7085182,-0.1432993
rec.sport.baseball,1.1208404,-0.30943877,-0.063744456
rec.sport.baseball,0.72623545,-0.28291982,-0.052014135
rec.autos,-0.4134112,-0.38006622,0.04324238
rec.autos,-0.16398655,0.044324584,-0.18059704
comp.graphics,-0.30125743,-0.16349423,-0.011944057
rec.autos,0.2121101,0.5168202,-0.2727264
comp.graphics,-0.20248441,-0.3326839,0.01826336
sci.med,0.06621873,-0.12985024,0.045655165
rec.sport.baseball,1.026202,-0.31638175,-0.06455433
rec.sport.baseball,1.0638485,-0.30034918,-0.058021434
sci.med,-0.14015707,0.013763797,0.19796455
rec.sport.baseball,1.3455244,-0.30651906,-0.049370617
rec.autos,0.039607417,-0.32048908,-0.13207078
comp.graphics,-0.676253,-0.4039225,0.11320146
rec.sport.baseball,0.94284284,-0.27429542,-0.056426883
rec.autos,-0.26583546,-0.45223907,-0.22325818
comp.graphics,-0.83103937,-0.50181955,0.14318688
sci.med,-0.14604504,0.2875958,0.5342953
rec.autos,-0.3354146,-0.5423373,-0.32408592
comp.graphics,-0.58957,-0.43485472,0.092182234
sci.med,-0.10312578,0.12878133,0.26843253
rec.sport.baseball,1.2367254,-0.34006673,-0.055614326
sci.med,-0.21552028,0.16175877,0.27205867
talk.politics.mideast,-0.01271676,1.2652603,-0.31088817
rec.autos,-0.19485664,-0.43487847,-0.30926502
talk.politics.mideast,-0.025013208,0.7196826,-0.19090058
rec.sport.baseball,0.9327078,0.18274458,0.11944302
sci.med,-0.43083638,-0.015604602,0.16737238
rec.sport.baseball,0.5205327,-0.1525761,-0.012286754
comp.graphics,-0.5638834,0.6277272,0.8807412
sci.med,-0.15325126,0.14066552,0.297006
talk.politics.mideast,0.002363515,1.0569204,-0.13490872
comp.graphics,-0.5985344,-0.41858593,0.10585802
comp.graphics,-0.2709431,-0.4325711,0.014446516
talk.politics.mideast,0.003928737,0.44548297,-0.057077512
sci.med,-0.15088686,0.39934814,0.69660145
rec.sport.baseball,1.0733548,-0.3656749,-0.0822913
rec.autos,-0.22821704,-0.5870199,-0.38444197
talk.politics.mideast,0.18482143,-0.11852205,-0.048598096
sci.med,-0.14257294,0.27226642,0.53964156
comp.graphics,-0.5108295,-0.2637951,0.10391574
rec.sport.baseball,0.9787308,-0.2801886,-0.044956833
comp.graphics,-0.5149549,-0.29085645,0.069732174
rec.sport.baseball,0.8628535,-0.323981,-0.0455818
comp.graphics,-0.2606583,-0.3178023,0.04785082
sci.med,-0.20555799,0.28172427,0.22315319
rec.autos,-0.3670601,-0.651768,-0.47357258
sci.med,-0.064947054,0.04644766,0.13392702
talk.politics.mideast,0.2401401,-0.33093566,-0.11347705
rec.sport.baseball,1.008637,-0.3131893,-0.05425316
rec.autos,0.17398086,-0.2222101,-0.08053891
comp.graphics,-0.38537273,-0.296658,0.061977148
rec.autos,-0.10126229,-0.44878307,-0.29166463
comp.graphics,-0.11934444,-0.28817347,-0.00031801936
rec.autos,-0.12832762,-0.1662758,-0.110930905
talk.politics.mideast,0.028832564,0.7096653,-0.2577973
rec.sport.baseball,0.7401752,-0.2687783,-0.046085533
sci.med,0.026461702,0.39529198,0.6232607
rec.autos,-0.2831039,-0.4384859,-0.24935645
rec.autos,-0.059834924,-0.2722142,-0.13407452
rec.sport.baseball,0.75310814,-0.23783673,-0.017917993
rec.sport.baseball,0.4696156,-0.35904294,-0.14437222
comp.graphics,-0.34764093,-0.32741362,0.016689187
rec.sport.baseball,0.61942106,0.31313375,0.16404171
sci.med,0.0044979826,0.06785558,0.09618932
comp.graphics,-0.28056556,-0.31795442,-0.013245338
sci.med,-0.12159797,0.28452468,0.47083998
rec.autos,-0.044698056,-0.06641253,0.051843815
rec.sport.baseball,0.624739,-0.14805798,-0.16527277
rec.autos,-0.07017205,-0.39907044,-0.17786227
rec.autos,0.18697366,-0.3476231,-0.107707724
rec.sport.baseball,1.1920573,-0.33523545,-0.06386083
rec.sport.baseball,1.2055942,-0.35290694,-0.06834778
talk.politics.mideast,-0.05259348,1.2194034,-0.20006531
sci.med,-0.1428069,0.4667887,0.84379256
comp.graphics,0.039851833,-0.32965365,-0.07833021
talk.politics.mideast,-0.0915908,1.8165771,-0.41999662
sci.med,0.077926666,-0.06080507,0.14238529
sci.med,-0.23966588,0.43395123,0.83885866
sci.med,-0.023237966,-0.0051405015,0.19934459
rec.sport.baseball,1.1245854,-0.3526044,-0.06906878
rec.autos,0.028922308,-0.17783794,0.005998226
talk.politics.mideast,0.030581698,0.57344866,-0.12723243
talk.politics.mideast,0.028699342,0.38985503,-0.05431111
comp.graphics,-0.48663503,-0.42272213,0.07101744
talk.politics.mideast,0.01066732,1.7064584,-0.4924991
rec.autos,-0.09587006,-1.1568137,-0.4042424
talk.politics.mideast,0.014370577,0.3782409,-0.07968568
sci.med,-0.093485095,0.28853542,0.547034
comp.graphics,-0.2352884,-0.2871305,-0.01987998
comp.graphics,0.024176542,-0.25553182,-0.01946193
rec.sport.baseball,0.78985244,-0.28534997,-0.057619512
talk.politics.mideast,-0.06106227,0.65661293,-0.00926915
rec.sport.baseball,0.24462517,-0.24505049,-0.025471825
rec.sport.baseball,0.6561546,-0.29237527,-0.06587413
rec.sport.baseball,1.1735206,-0.33518222,-0.063880816
sci.med,-0.068889655,0.27344447,0.46939963
rec.sport.baseball,0.9484823,-0.26775533,-0.046691276
talk.politics.mideast,-0.020172292,1.0370115,-0.21053252
rec.sport.baseball,0.85828024,-0.27746537,-0.03864818
rec.autos,-0.041749712,-0.522612,-0.30295277
talk.politics.mideast,-0.0015729142,1.0525206,-0.12964468
rec.sport.baseball,0.48417777,-0.24663207,-0.08054157
rec.autos,0.18371624,-0.3649706,-0.019283488
talk.politics.mideast,0.012539778,0.16236825,-0.07046863
rec.autos,-0.12969767,0.019756362,-0.026291277
rec.sport.baseball,0.2355738,-0.322954,-0.10617447
rec.autos,-0.08645655,-0.42239332,-0.16167666
rec.sport.baseball,0.25848326,-0.13978918,0.09184106
rec.sport.baseball,0.80774784,-0.2546984,-0.05201998
sci.med,-0.11556067,0.53489685,0.21998072
sci.med,-0.043960527,0.044219058,0.24478734
rec.sport.baseball,0.32240418,-0.40815532,-0.19361506
talk.politics.mideast,-0.04947071,1.1974126,-0.20292987
rec.sport.baseball,0.545609,-0.31947702,-0.120055236
rec.sport.baseball,0.04117616,-0.19920014,-0.0049402146
rec.autos,0.16692914,-0.25750688,-0.14516112
sci.med,-0.13339238,-0.19919595,0.07248059
talk.politics.mideast,-0.012440531,1.023993,-0.20755127
comp.graphics,-0.3769537,-0.36179587,0.013248265
talk.politics.mideast,-0.0035211055,1.6687274,-0.47296357
rec.sport.baseball,0.22384702,0.44227368,-0.013288566
rec.sport.baseball,0.8974025,-0.2778096,-0.07503818
rec.autos,-0.029289637,-0.083983436,0.057871025
rec.autos,-0.08980069,-0.42420542,-0.26639274
sci.med,0.49084395,0.10926367,0.012276687
rec.sport.baseball,0.46613592,-0.27100578,-0.104729496
talk.politics.mideast,0.009558918,1.0531279,-0.18716547
sci.med,-0.13838524,0.3902503,0.66718495
comp.graphics,-0.6161977,-0.4240372,0.09550361
rec.autos,-0.37141356,-0.20721772,-0.47805768
rec.autos,-0.32233936,-0.7442337,-0.522596
rec.sport.baseball,0.9514358,-0.3131405,-0.07832951
rec.autos,-0.313556,-0.0047927513,0.019915989
comp.graphics,-0.57245886,-0.3788451,0.04998094
talk.politics.mideast,0.055728097,0.47755715,-0.16142976
sci.med,-0.11567487,0.25597078,0.4604119
comp.graphics,-0.5460591,-0.22466388,0.10721868
comp.graphics,-0.42474753,-0.050504856,0.1585429
sci.med,-0.1711791,0.4740178,0.85150516
rec.autos,0.058805853,-0.07262279,0.020160414
rec.autos,0.12565738,-0.03661228,-0.06345284
rec.sport.baseball,1.0855167,-0.34370524,-0.06665779
rec.sport.baseball,0.17888623,6.782363,-1.1969316
talk.politics.mideast,-0.025543917,1.0431012,-0.18527542
sci.med,0.21749909,-0.044249363,0.16040148
sci.med,-0.23865426,0.581363,0.8274053
comp.graphics,-0.59348506,-0.4571611,0.083616346
rec.autos,-0.21090163,-0.49921775,-0.275244
talk.politics.mideast,-0.12344538,0.9913727,-0.04543588
talk.politics.mideast,-0.004656302,1.5967184,-0.44475347
sci.med,0.045607004,0.033606175,-0.059603345
talk.politics.mideast,-0.019632684,1.2237923,-0.2481352
talk.politics.mideast,-0.016060242,0.97071034,-0.18874763
rec.sport.baseball,0.9483785,-0.3020506,-0.06715606
rec.sport.baseball,0.58289254,-0.16458482,-0.15335754
comp.graphics,-0.62973577,-0.40924916,0.08647103
rec.sport.baseball,0.6025602,-0.32109663,-0.09358987
comp.graphics,-0.47333583,-0.15799548,0.12308614
sci.med,-0.18554202,0.693694,1.3112736
sci.med,-0.16224043,0.42732316,0.72818357
rec.autos,0.022875566,-0.05816179,-0.030028868
talk.politics.mideast,-0.021257538,0.90968585,-0.19409454
comp.graphics,-0.31526914,-0.31169635,0.04937864
talk.politics.mideast,-0.10555794,1.9599106,-0.45547536
talk.politics.mideast,0.032201685,0.6773369,-0.14607449
rec.sport.baseball,0.6479395,-0.16368984,-0.1644653
comp.graphics,-0.62652916,-0.44725403,0.113532834
rec.autos,0.38546264,-0.060016032,-0.09210553
rec.sport.baseball,1.2170717,-0.33371016,-0.05636508
talk.politics.mideast,0.09585542,0.003174697,-0.109146915
sci.med,0.11891382,-0.09777673,0.08434563
rec.sport.baseball,0.2983299,-0.3517405,-0.13482353
rec.sport.baseball,1.0809,-0.3266933,-0.063698635
rec.autos,0.119430825,-0.3753702,-0.113255545
sci.med,-0.094033405,-0.017858941,0.22100785
rec.autos,0.38708463,2.3965495,-6.1593256
sci.med,-0.11567852,0.32123876,0.5210613
rec.sport.baseball,0.13853729,-0.25506967,-0.07116787
rec.sport.baseball,0.6653406,-0.2649284,-0.056092795
sci.med,-0.06898019,0.035567213,0.23755598
rec.sport.baseball,1.0616016,-0.29584798,-0.058965523
comp.graphics,-0.3792829,-0.34995478,0.059430312
comp.graphics,-0.3385311,-0.37401468,0.034313157
rec.autos,-0.03850622,-0.30239752,-0.0031256513
rec.autos,-0.27679864,-0.55402994,-0.3182001
rec.autos,-0.30947423,-0.53877145,-0.2801089
rec.sport.baseball,0.85847116,-0.3026106,-0.055708565
talk.politics.mideast,0.0071131466,1.6742353,-0.47930658
sci.med,-0.098463446,0.30364752,0.49824157
comp.graphics,0.23261702,-0.32536015,-0.091024466
sci.med,-0.28392172,0.41087246,0.7860201
rec.autos,0.06400287,-0.2702157,-0.055842005
comp.graphics,-0.40275696,-0.31589377,0.08005878
talk.politics.mideast,-0.14568117,1.7643207,-0.3156401
rec.autos,-0.23093484,-0.48574767,-0.33365926
sci.med,0.41935575,-0.4473771,-0.3172048
sci.med,-0.08190479,0.43340015,0.098494485
rec.autos,-0.1364893,-0.2710845,-0.3425207
comp.graphics,-0.5307758,-0.40295157,0.0783479
rec.autos,0.99671525,0.1381314,-1.8177437
rec.autos,0.062111463,-0.40671209,-0.14015193
sci.med,-0.5018671,0.46726513,0.6371747
talk.politics.mideast,-0.006120187,1.5592711,-0.4322417
rec.autos,-0.020455908,-0.16318016,-0.08304604
rec.sport.baseball,1.1471995,-0.30697328,-0.049679607
talk.politics.mideast,0.0018520751,0.9694793,-0.162251
talk.politics.mideast,-0.022002747,0.7304427,-0.16074874
rec.autos,-0.19989315,-0.37603155,-0.23092371
rec.sport.baseball,0.84715706,-0.28489977,-0.057866447
rec.autos,0.15646163,-0.21015494,-0.08013504
talk.politics.mideast,-0.026453676,0.95815444,-0.15246783
comp.graphics,0.40446916,-0.41617373,-0.30943462
comp.graphics,-0.007238436,-0.2897113,-0.029711597
comp.graphics,0.17996863,-0.3192063,-0.03456111
rec.autos,-0.2709257,-0.4431302,-0.26539865
talk.politics.mideast,-0.22162542,0.08815542,-0.04851911
comp.graphics,-0.51136416,-0.24034502,0.112701334
rec.sport.baseball,1.3569888,-0.28432322,-0.056262463
rec.autos,-0.3441784,-0.48515677,-0.28047526
comp.graphics,-0.5954923,-0.44731203,0.10801853
sci.med,-0.08966467,0.31687284,0.58391434
rec.sport.baseball,0.7800226,-0.305686,-0.07151967
comp.graphics,-0.32625467,-0.39660355,0.029948378
rec.sport.baseball,0.4118912,-0.2369332,-0.09298082
rec.autos,-0.21661867,-0.21801877,0.05491628
sci.med,-0.44313526,0.42033035,0.6159929
rec.autos,0.36627126,-0.24901515,-0.076000735
sci.med,0.11713678,-0.14397678,-0.0063034506
comp.graphics,-0.571067,-0.20542647,0.110440396
rec.sport.baseball,0.7416747,-0.2467136,-0.013254253
rec.autos,-0.054440353,-0.18079317,-0.04103286
comp.graphics,-0.41001815,-0.35038987,0.06420825
rec.sport.baseball,0.9564781,-0.30616513,-0.06789563
rec.autos,0.00388717,-0.27783406,-0.047943052
rec.sport.baseball,1.0062048,-0.3079346,-0.0645877
rec.sport.baseball,0.6371359,-0.38438597,-0.12350493
talk.politics.mideast,-0.027254405,1.1388711,-0.23813519
rec.autos,-0.22436431,0.04527607,0.07619991
talk.politics.mideast,0.42332062,-0.44093588,-0.30452928
comp.graphics,-0.027113058,-0.29644814,-0.008368636
comp.graphics,-0.6731365,-0.4722219,0.0947454
talk.politics.mideast,0.018719863,0.71013206,-0.15298267
talk.politics.mideast,-0.0237976,0.98336416,-0.19322753
sci.med,-0.15065576,0.26699936,0.43466294
comp.graphics,-0.6188323,-0.3243085,0.10874635
rec.autos,-0.08606425,-0.2857722,-0.13122998
rec.autos,0.019424517,0.09612693,0.05613569
talk.politics.mideast,-0.12212663,1.0273066,-0.05415797
rec.autos,-0.36932367,-0.34808385,-0.0774558
sci.med,-0.05616185,-0.09362621,-0.031035306
comp.graphics,-0.5118699,-0.37400648,0.07376265
rec.sport.baseball,0.66786814,-0.15539724,-0.17482163
talk.politics.mideast,-0.09379439,1.8426117,-0.42673668
talk.politics.mideast,-0.017604068,1.0002143,-0.15900461
sci.med,-0.03681978,0.39095142,0.64410883
comp.graphics,-0.80818,-0.48188698,0.13388628
rec.autos,-0.071886,-0.4478995,-0.2084728
comp.graphics,-0.38353935,-0.3381661,0.061577354
comp.graphics,-0.43035653,-0.39759824,0.053364675
comp.graphics,-0.49332678,-7.083907,21.117893
sci.med,0.020538732,-0.29167536,-0.026185485
rec.sport.baseball,0.6439185,-0.22201908,-0.003021235
talk.politics.mideast,0.076383755,0.47357237,-0.14245917
rec.sport.baseball,0.07452152,0.19679374,0.21156082
rec.sport.baseball,0.71535003,-0.29554516,-0.074393004
comp.graphics,-0.5685399,-0.38974485,0.09609653
rec.autos,-0.26500988,-0.37041754,-0.25797257
comp.graphics,-0.42250204,-0.3761882,0.06329266
rec.sport.baseball,0.9055753,0.050605256,0.06742748
comp.graphics,0.2724475,-0.39319625,-0.15420789
talk.politics.mideast,-0.01710476,0.95968395,-0.14537705
sci.med,-0.09170672,0.34294304,0.18981232
rec.autos,-0.35111022,-0.5283722,-0.31104642
rec.sport.baseball,0.94159776,-0.29942617,-0.061896175
sci.med,0.003898351,0.46638212,1.0735085
rec.autos,-0.18259472,-0.101790786,-0.26772398
sci.med,-0.12567036,0.25579473,0.29770634
rec.autos,-0.17618439,-0.46112427,-0.29011175
talk.politics.mideast,0.096927166,-0.2127447,-0.03275538
rec.autos,-0.17150821,-0.2953941,-0.20147145
rec.autos,-0.19819023,-0.37890577,-0.15726523
talk.politics.mideast,0.0019144901,1.7870386,-0.51705253
rec.autos,-0.3788307,-0.35667497,-0.04260815
rec.autos,-0.31235912,-0.5643111,-0.36442032
comp.graphics,0.006719341,-0.24500726,0.001071501
comp.graphics,-0.14815225,-0.17556176,0.037540086
rec.autos,-0.30954313,-0.6333388,-0.3815942
talk.politics.mideast,-0.02564308,1.0286322,-0.1946205
rec.autos,-0.17469774,-0.39299253,-0.20446688
comp.graphics,-0.23995587,0.052518904,0.08299755
sci.med,-0.12028206,0.3849741,0.56406003
talk.politics.mideast,-0.0133332675,1.0047134,-0.21195349
sci.med,-0.24323466,0.5132045,0.7064308
sci.med,-0.07437804,0.42886955,0.580588
sci.med,-0.057100825,0.2957681,0.49118546
rec.sport.baseball,1.0161678,-0.33801615,-0.078961834
sci.med,-0.21078116,-0.13275675,0.061796773
talk.politics.mideast,-0.03495425,0.6614073,-0.16408102
sci.med,-0.039452046,0.19893453,0.06393051
rec.autos,-0.23998143,-0.48689634,-0.27527905
sci.med,-0.12742947,0.46731535,0.85818917
sci.med,-0.109137736,0.20245431,0.18400028
rec.autos,0.0045922776,-0.27012908,-0.046861473
comp.graphics,-0.58037496,-0.44865495,0.082480945
comp.graphics,-0.46807817,-0.40392968,0.06937066
rec.autos,0.10340953,-0.37360412,-0.107542574
rec.autos,0.2645909,-0.34435964,-0.1492627
talk.politics.mideast,-0.0021048519,1.5256617,-0.42820537
rec.autos,-0.26641455,-0.32366353,-0.050879396
comp.graphics,-0.4433148,-0.35053536,0.06793216
comp.graphics,-0.37454605,-0.13597335,0.22705881
rec.sport.baseball,2.195563,0.8032355,-0.08378001
rec.sport.baseball,-0.061121922,-0.06758697,0.045492608
sci.med,-0.18603908,0.68964875,1.3067633
sci.med,-0.075266,0.2417141,2.8940267e-06
rec.autos,-0.18328972,0.048514698,0.02346023
sci.med,-0.24807267,0.5981301,1.1405779
rec.sport.baseball,0.81298304,-0.29011106,-0.068725
comp.graphics,-0.54165334,-0.35943446,0.033452094
rec.autos,-0.20799984,-0.48383772,-0.374875
talk.politics.mideast,0.010004851,1.6646421,-0.51388365
rec.sport.baseball,0.9468477,-0.30195704,-0.046363212
rec.sport.baseball,0.8189664,-0.31674674,-0.065438196
talk.politics.mideast,0.24179615,-0.3203483,-0.11714103
sci.med,-0.11942693,0.31802222,0.44695815
comp.graphics,-0.50617576,-0.4167975,0.07465503
talk.politics.mideast,-0.034075283,1.1066757,-0.1897971
sci.med,-0.15587929,0.15515852,0.47430915
comp.graphics,-0.59421045,-0.4159817,0.08180256
sci.med,-0.06365891,0.48654756,-0.107340865
talk.politics.mideast,0.02684618,0.62152475,-0.073555864
rec.sport.baseball,0.0138595635,0.14681089,-6.6128573
talk.politics.mideast,-0.023923218,1.0679082,-0.21361168
comp.graphics,-0.747148,-0.20785762,0.17586514
rec.autos,0.09390111,0.286913,0.17276569
rec.sport.baseball,0.9989206,-0.28531343,-0.052818555
sci.med,-0.010809807,0.17525083,0.51189417
sci.med,-0.20343025,0.49298075,0.91379035
rec.sport.baseball,0.45869485,-0.34427333,-0.13528305
rec.autos,-0.08402554,-0.09027954,0.016223205
sci.med,-0.29251552,-0.17706183,0.09349709
rec.sport.baseball,0.446457,-0.34634456,-0.14020818
rec.autos,-0.0154572455,-0.2602462,-0.08720363
sci.med,-0.107545175,0.19558972,0.40045083
rec.autos,-0.0038745631,-0.4193509,-0.19302097
comp.graphics,-0.32610965,-0.30193534,0.017261278
sci.med,-0.007086376,0.34913942,0.1301079
rec.autos,-0.14353323,-0.092710234,0.09632916
sci.med,-0.13477933,0.33341533,0.64099574
talk.politics.mideast,-0.02450399,1.0296329,-0.21764159
sci.med,-0.08164617,0.23947182,0.47606415
sci.med,-0.110342585,0.13872895,0.14221482
comp.graphics,-0.15137152,-0.31561553,-0.039853398
sci.med,-0.18719335,0.25365454,0.114683725
sci.med,-0.1634256,0.39190435,0.6987627
rec.autos,-0.18340984,-0.5126252,-0.22973706
rec.autos,-0.09265048,-1.1398914,-0.38678464
talk.politics.mideast,0.43893114,0.012229414,-0.04181851
sci.med,-0.22340178,-0.18400984,0.096254766
comp.graphics,-0.40255147,-0.37874484,0.06495649
comp.graphics,-0.53022677,-0.3811967,0.091391586
comp.graphics,-0.11690795,-0.29981774,0.020832907
talk.politics.mideast,-0.009340989,1.4278498,-0.38720074
talk.politics.mideast,0.012257143,0.5814137,-0.08741569
rec.sport.baseball,1.0233928,-0.306248,-0.0449587
talk.politics.mideast,-0.01524842,0.94790334,-0.1833358
comp.graphics,-0.6020349,-0.36824614,0.13358295
sci.med,-0.12199792,0.23537818,0.4394741
comp.graphics,-0.36691433,-0.27299556,0.055441473
comp.graphics,-0.19408664,-0.21259457,0.070438914
talk.politics.mideast,-0.017368704,0.9980394,-0.1583773
talk.politics.mideast,-0.0071294867,1.3183632,-0.36936912
rec.autos,-0.089997984,-0.32838425,-0.15310553
rec.autos,-0.01703154,-0.004159808,0.006420316
comp.graphics,-0.34676847,-0.18103547,0.17744829
sci.med,-0.123993054,0.26928416,0.50871813
sci.med,-0.23615703,0.6292678,0.8946044
comp.graphics,-0.2732081,-0.096669026,0.0865158
rec.sport.baseball,0.3038098,-0.2999688,-0.098112345
rec.sport.baseball,0.8556642,-0.28399804,-0.05550545
sci.med,-0.4694174,-0.063911326,0.15446767
rec.sport.baseball,0.36416113,-0.35315436,-0.09470754
rec.sport.baseball,0.4827861,0.33347574,0.17098327
comp.graphics,0.005804254,-0.10934653,0.023641381
rec.sport.baseball,0.31673232,-0.04730071,-0.046730682
comp.graphics,-0.22350341,-0.2455994,0.025144085
rec.sport.baseball,1.015502,-0.3136229,-0.06271822
comp.graphics,-0.39018077,0.062934525,0.1362637
sci.med,-0.05541425,0.17245305,0.46114808
comp.graphics,-0.93832165,-0.014061521,0.40071395
talk.politics.mideast,-0.01874884,0.7515094,-0.16609886
talk.politics.mideast,-0.023535432,1.0648366,-0.19036238
rec.autos,-0.319075,-0.32612765,-0.009617601
rec.sport.baseball,1.0239227,-0.37221363,-0.08628324
talk.politics.mideast,-0.032111175,1.0726107,-0.2062468
rec.autos,0.1107015,-0.1927098,-0.05674716
comp.graphics,-0.38188112,-0.3808794,0.048846677
rec.autos,1.0036416,3.6341684,-0.60858613
rec.sport.baseball,0.7971884,-0.20195806,-0.020414593
talk.politics.mideast,0.031445876,0.40941837,-0.023573473
comp.graphics,-0.48610565,-0.36611292,0.0839172
comp.graphics,-0.42800122,-0.3567886,0.058513783
comp.graphics,-0.83063686,-0.5468578,0.115861475
talk.politics.mideast,0.022099625,0.97912294,-0.15053558
rec.sport.baseball,0.21059099,-0.281967,-0.05895898
sci.med,-0.08915097,0.20683551,0.3433333
rec.autos,-0.11363026,-0.32915825,-0.08821939
sci.med,-0.0072954223,-0.1069562,0.078923225
talk.politics.mideast,-0.02107145,0.7492333,-0.106006384
talk.politics.mideast,-0.039109256,1.088529,-0.1702975
sci.med,-0.85746634,0.2094592,0.53462136
sci.med,-0.113848425,0.07397951,0.2822249
talk.politics.mideast,-0.09298475,1.8294916,-0.42424187
talk.politics.mideast,0.013169972,0.93354803,-0.15555592
rec.sport.baseball,0.93293786,-0.30083424,-0.04887557
talk.politics.mideast,-0.12571132,1.0632449,-0.0520967
comp.graphics,-0.4105848,-0.2002715,0.04014472
sci.med,-0.100408845,0.5050349,0.13700259
sci.med,-0.22045146,0.581546,0.8314585
rec.autos,-0.04281906,-0.3347265,-0.16813554
sci.med,-0.02713636,0.029760232,0.16721384
sci.med,0.01270288,0.104822844,0.28519213
comp.graphics,-0.4066647,-0.34830317,0.07272918
talk.politics.mideast,-0.019970153,0.76295656,-0.13957494
sci.med,-0.40842402,-0.052796196,0.1447819
talk.politics.mideast,0.23396307,-0.2753345,-0.14270955
sci.med,-0.20138207,0.20363112,0.3319588
comp.graphics,-0.3689093,-0.22269969,0.107306376
comp.graphics,-0.52072173,-0.27325124,0.17901431
rec.autos,-0.2731079,-0.4653311,-0.31813917
rec.sport.baseball,-0.078970864,-0.0733814,0.03119142
sci.med,-0.43635267,-0.021390375,0.16006336
rec.sport.baseball,0.86416376,-0.30652294,-0.07283198
rec.sport.baseball,0.2469829,-0.24094976,-0.06507338
rec.autos,0.11418027,-0.32726327,-0.1265776
rec.sport.baseball,0.86637115,-0.30795497,-0.07301745
sci.med,-0.4349211,-0.3168827,0.081688955
comp.graphics,-0.40925208,-0.38290256,0.042194564
sci.med,0.07401961,-0.15636759,-0.109710276
talk.politics.mideast,-0.027172282,1.1028054,-0.21477483
comp.graphics,-0.39187506,-0.3721416,0.057670616
talk.politics.mideast,-0.021828545,1.0560409,-0.21180719
comp.graphics,-0.31274173,-0.3155548,0.029444594
sci.med,0.10641896,0.07260569,0.28161246
comp.graphics,-0.39644474,-0.30728438,0.05643819
talk.politics.mideast,0.60870546,2.1428497,-1.0383792
comp.graphics,0.39115265,0.30650377,-0.022886915
rec.sport.baseball,1.1365001,-0.33999446,-0.065343626
sci.med,-0.24817367,-0.18415365,0.058132485
sci.med,-0.120406665,0.23673669,0.47722664
comp.graphics,-0.28590688,-0.41831362,0.030042287
rec.autos,0.24337918,1.0621694,-0.59287435
rec.sport.baseball,0.53669935,-0.24345376,-0.0754214
rec.autos,-0.21472616,-0.18657222,0.10587335
talk.politics.mideast,-0.034575235,1.503462,-0.25168756
comp.graphics,-0.61508864,-0.19257922,0.14223346
sci.med,-5.0445976,1.6877731,3.9088695
rec.sport.baseball,0.8674805,-0.2366056,-0.04707803
sci.med,0.024307685,0.008381478,0.2012211
sci.med,0.006098476,0.18616529,0.09161611
rec.sport.baseball,0.85770124,-0.3374276,-0.07558757
talk.politics.mideast,0.0057231816,0.35018983,-0.005385548
talk.politics.mideast,0.0024031799,1.6134435,-0.46898422
talk.politics.mideast,-0.014017217,0.88075805,-0.16909483
comp.graphics,0.0073392144,-0.1250073,0.019305091
sci.med,-0.12991285,0.3287457,0.5262241
talk.politics.mideast,-0.02147286,0.97689664,-0.2048257
rec.sport.baseball,1.160144,-0.34239733,-0.066519424
rec.sport.baseball,0.9217766,-0.30403158,-0.05454037
talk.politics.mideast,0.08921629,0.40183154,-0.13946524
rec.autos,0.028962431,-0.25339276,-0.028814266
talk.politics.mideast,0.0048760134,1.6946391,-0.48766237
talk.politics.mideast,0.031681925,0.38161495,0.014530532
comp.graphics,-0.4726468,-0.39152092,0.06214528
rec.sport.baseball,1.05595,-0.3335307,-0.063868664
rec.sport.baseball,1.239767,-0.37773782,-0.07448215
talk.politics.mideast,-0.04499361,1.0993176,-0.16783445
comp.graphics,-0.5647729,-0.42970154,0.070350274
rec.sport.baseball,0.5638729,0.36872444,0.17670922
rec.autos,-0.24535637,-0.51572824,-0.23280188
rec.autos,-0.17381181,-0.28492382,-0.0694917
sci.med,-0.071806654,0.2722826,0.24520615
comp.graphics,-0.6426594,-0.3825836,0.09216725
rec.autos,-0.1868071,-0.29062498,-0.06731692
sci.med,-0.04617342,0.19540004,0.24858706
talk.politics.mideast,0.008221677,1.7830644,-0.51311284
rec.autos,0.25256747,-0.38155305,-0.1334064
sci.med,-0.13945942,0.44021273,0.798379
rec.autos,0.060581945,-0.1472984,-0.025224956
comp.graphics,-0.17219162,-0.006366538,0.13391091
comp.graphics,-0.67970717,-0.45191163,0.120038405
comp.graphics,-0.27350774,-0.19549662,0.02119108
talk.politics.mideast,-0.03554456,1.492453,-0.24742013
sci.med,-0.11858682,0.29752994,0.5153998
rec.sport.baseball,0.80696964,-0.31965846,-0.07215216
rec.autos,-0.1384439,-0.3105948,-0.38948527
comp.graphics,-0.23430353,-0.2864553,0.036575004
rec.sport.baseball,1.4006225,-0.35626394,-0.055316642
comp.graphics,-0.48479328,-0.22338204,0.09549974
rec.autos,-0.37450507,-0.45645055,-0.22519293
talk.politics.mideast,-0.022082202,1.2029264,-0.2417401
sci.med,-0.1960974,0.4455794,0.6024312
comp.graphics,-0.30140153,-0.21650495,0.06889132
rec.sport.baseball,0.90432525,-0.29581648,-0.059945412
rec.autos,0.3991757,-0.4346097,-0.29339945
talk.politics.mideast,0.614826,2.1380413,-1.0422739
sci.med,0.07538188,0.003806764,0.27652407
rec.sport.baseball,1.4036546,-0.3545067,-0.054706395
talk.politics.mideast,-0.0040091127,1.6067269,-0.4528008
comp.graphics,-0.35810342,-0.35050777,0.01834081
comp.graphics,-0.46728152,-0.2661227,0.06357185
sci.med,-0.31076193,0.79560596,2.0254128
rec.sport.baseball,1.0955737,-0.27115622,-0.026519498
comp.graphics,-0.51849353,-0.36268365,0.055576034
rec.sport.baseball,2.1938663,0.7591468,-0.08374335
sci.med,-0.023402516,0.61599284,-0.21057275
talk.politics.mideast,-0.03944118,1.0897365,-0.17031221
rec.autos,-0.54665047,-0.23900893,0.03480907
comp.graphics,-0.58573925,0.63655865,0.9000701
comp.graphics,-0.69828117,-0.47069037,0.11905972
rec.sport.baseball,-0.50638616,-0.4034567,0.044607226
rec.autos,-0.08294425,-0.4362892,-0.20271648
talk.politics.mideast,-0.0005507009,1.5980068,-0.45708585
comp.graphics,-0.59505504,-0.40200448,0.082730144
sci.med,0.028997831,0.06230934,0.3387288
talk.politics.mideast,-0.02952137,0.9195059,-0.18400896
rec.sport.baseball,0.6920462,-0.30040568,-0.06416522
rec.autos,-0.038963072,-0.23896019,-0.113939755
sci.med,-0.24794067,0.6700769,0.95380265
rec.sport.baseball,0.6556088,-0.32246593,-0.07856106
talk.politics.mideast,0.0073012607,1.5589458,-0.46809375
rec.sport.baseball,0.14059933,-0.07332743,-0.056756187
talk.politics.mideast,-0.001219983,1.6144109,-0.4611393
sci.med,-0.056913603,-0.04228546,0.1828929
sci.med,-0.5583122,0.17490141,0.15815102
comp.graphics,-0.66625184,-0.17836308,0.12444659
sci.med,-2.6725154,1.6846671,1.1453271
rec.sport.baseball,0.8132391,-0.30754718,-0.07052537
sci.med,-0.36737967,-0.21742743,0.052601464
sci.med,0.01993735,0.14090763,0.4105758
rec.autos,-0.078614175,-0.23749094,-0.074365385
comp.graphics,0.17631835,-0.26722246,-0.05530125
comp.graphics,-0.17687176,0.024048403,0.14817548
comp.graphics,0.07462389,-0.2185114,-0.049863536
sci.med,-0.057389367,0.21831536,0.27301434
comp.graphics,-0.5928479,-0.19970739,0.16260023
rec.autos,-0.110586375,-0.26026148,-0.08502349
comp.graphics,-0.08812843,-0.22527431,0.024783766
talk.politics.mideast,0.012420718,1.3946251,-0.4414002
sci.med,0.4652108,0.07245483,-0.019438835
talk.politics.mideast,-0.0029040882,1.6928385,-0.48060092
comp.graphics,-0.682922,-0.42258856,0.12127277
sci.med,-0.24612366,0.62549096,0.8940804
comp.graphics,-0.223967,-0.370777,0.0157419
rec.sport.baseball,0.95883167,-0.3040405,-0.06239869
rec.sport.baseball,0.28168443,-0.26217902,-0.1024095
sci.med,0.15128346,-0.100125514,0.042426124
rec.autos,-0.11070361,0.121660106,-0.031324692
rec.autos,-0.3029459,-0.30268732,0.040410638
talk.politics.mideast,0.21528919,-0.30722153,-0.111401714
sci.med,-0.14103992,0.44365478,0.8312961
talk.politics.mideast,-0.023370847,1.1476276,-0.20306087
comp.graphics,-0.7515215,-0.20266326,0.18198256
rec.autos,-0.24823022,-0.08401236,-0.35286525
comp.graphics,-0.5965951,-0.18938835,0.12530981
rec.autos,0.11874547,0.6020096,-0.15159504
rec.sport.baseball,-0.06446977,0.08782397,-0.04425128
talk.politics.mideast,-0.1002976,1.9051207,-0.44266352
rec.autos,-0.13448817,-0.39931747,-0.27343196
rec.autos,-0.23315884,-0.44260034,-0.22528194
comp.graphics,0.11720941,-0.21165025,-0.08730153
sci.med,-0.15901607,0.4597884,0.799366
comp.graphics,-0.17285118,-0.15221286,0.066662215
rec.autos,-0.16585624,-0.44480273,-0.2142054
comp.graphics,-0.5120893,-0.277577,0.108100414
sci.med,-0.13306329,0.37985933,0.42018536
rec.autos,1.0033791,3.6313047,-0.6084706
talk.politics.mideast,-0.023568992,1.1006553,-0.2306365
talk.politics.mideast,-0.025550567,0.7771101,-0.11778795
rec.autos,-0.25009957,-0.524787,-0.31106967
rec.sport.baseball,0.44607675,-0.15281147,0.005207803
comp.graphics,-0.73736,-0.49309117,0.10900273
rec.autos,-0.021992229,-0.21768227,-0.006073099
comp.graphics,-0.81367636,-0.49997875,0.14640649
sci.med,-0.110287294,0.19911544,0.015873026
sci.med,-0.10211973,0.22938514,0.08983345
rec.autos,0.033480003,-0.20753798,-0.060811438
comp.graphics,-0.45062315,-0.34497,0.08815975
sci.med,-0.100314006,0.2643712,0.44653225
rec.autos,-0.061698887,-0.22101775,-0.09858156
sci.med,-0.11510741,0.31557062,0.63448644
sci.med,-0.14307961,0.06314382,0.021837583
comp.graphics,-0.09589146,-0.25861308,-0.071723565
sci.med,0.011482358,-0.25190318,-0.07176966
rec.autos,-0.11624555,-0.3142695,-0.31759527
rec.autos,-0.02918319,-0.31975493,-0.32600108
rec.autos,-0.15207998,-0.32569942,-0.1644408
rec.sport.baseball,1.1068101,-0.33060414,-0.07271983
comp.graphics,0.39447516,-0.41260004,-0.23102883
talk.politics.mideast,0.0018636708,0.65973645,-0.11839073
rec.sport.baseball,1.0839382,-0.36979234,-0.08439598
sci.med,0.0074141733,0.012222799,0.14296481
talk.politics.mideast,-0.1542595,1.8022795,-0.32219782
rec.sport.baseball,0.028799957,-0.17623775,0.0053373664
sci.med,0.027947677,0.31472588,0.5025978
rec.autos,0.26532096,0.15355211,-0.16094661
comp.graphics,-0.43506816,-0.42922202,0.029341262
comp.graphics,-0.79787004,-0.37544325,0.16454999
sci.med,-0.08904251,0.09248945,0.29054123
rec.sport.baseball,0.8676108,-0.31238437,-0.07167735
rec.sport.baseball,0.2663304,-0.18223271,-0.07068682
comp.graphics,-0.5051633,-0.39531565,0.06941041
sci.med,0.09626843,-0.07358846,0.10040206
comp.graphics,-0.6458055,-0.44367176,0.11002266
rec.autos,-0.680141,-0.48511714,0.06575637
rec.sport.baseball,0.8624009,-0.30780345,-0.061405238
rec.sport.baseball,0.82536614,-0.29466915,-0.07411645
rec.autos,0.2858456,0.69415414,-0.14257304
talk.politics.mideast,-0.012747273,1.0757961,-0.18265249
rec.sport.baseball,1.3139024,-0.30522335,-0.04568738
rec.autos,-0.358937,-0.18743934,-0.45450863
rec.sport.baseball,1.2920291,-0.33085072,-0.052149497
comp.graphics,-0.3397537,-0.24644783,0.07003815
comp.graphics,-0.178916,-0.13750213,0.005902653
talk.politics.mideast,0.21576627,2.812035,-0.58307207
talk.politics.mideast,-0.011135283,1.4695642,-0.39999026
sci.med,-0.06665677,-0.17587268,-0.055029437
comp.graphics,-0.09257127,0.16994002,-0.03644031
sci.med,-0.23723418,0.6346087,0.90305924
rec.sport.baseball,0.21816732,0.3283356,0.15613565
sci.med,-0.06398926,0.041760437,0.12700628
rec.sport.baseball,0.73999697,-0.29255953,-0.071479514
sci.med,-0.07998932,0.3273558,-0.014127313
comp.graphics,-0.18480967,-0.31588608,0.017789701
comp.graphics,-0.41362825,-0.34084085,0.078811415
rec.sport.baseball,0.53887844,-0.242925,-0.08194687
talk.politics.mideast,0.05363046,-0.044508673,0.09459513
rec.sport.baseball,-0.05597919,-0.07244552,0.04193412
comp.graphics,-0.39073786,-0.28318137,0.07219964
rec.autos,-0.004203588,0.53253037,-0.06596686
talk.politics.mideast,-0.0035280106,1.7149584,-0.4873348
sci.med,-0.30620137,0.21941745,0.38114443
rec.sport.baseball,0.9445991,-0.3242058,-0.07250627
rec.autos,-0.012773314,-0.2539979,-0.08457119
comp.graphics,0.01371742,-0.11695723,0.024350155
rec.sport.baseball,1.0594728,-0.33438256,-0.06426912
rec.sport.baseball,0.6969532,-0.3041549,-0.089144856
rec.autos,-0.10924739,-0.32148945,-0.110177934
sci.med,0.16391999,-0.041180704,0.18436794
sci.med,-0.0860644,0.0036696815,0.14722744
comp.graphics,-0.30324048,-0.34431857,0.041634195
talk.politics.mideast,0.117260925,-0.36269462,-0.06934446
rec.sport.baseball,0.19912085,-0.12056161,-0.042975176
talk.politics.mideast,0.020575644,1.0076438,-0.16627735
sci.med,0.021453934,0.06516461,0.34226868
comp.graphics,-0.5837433,-0.40854162,0.07704325
rec.sport.baseball,0.56229746,-0.31150848,-0.10044128
sci.med,-0.15435635,0.39688554,0.6962908
rec.sport.baseball,0.09928398,0.34792957,0.12080347
talk.politics.mideast,-0.0026748958,0.6941763,-0.15283088
talk.politics.mideast,-0.13430431,0.32216242,0.29438868
comp.graphics,-0.6800089,-0.441247,0.114292465
rec.sport.baseball,0.14154802,-0.21289006,-0.039881013
sci.med,-0.16096193,0.0747697,0.2636817
sci.med,-0.0855653,0.18340746,0.3617413
rec.sport.baseball,1.3043307,-0.3536405,-0.057139292
comp.graphics,-0.93490744,-0.48335683,0.17301989
sci.med,-0.14680555,0.31245917,0.5323013
rec.autos,-0.17904167,-0.37363398,-0.16792421
comp.graphics,-0.68267125,-0.42993307,0.12438212
comp.graphics,-0.5315425,-0.41663015,0.077342845
rec.sport.baseball,0.6550422,-0.21038188,-0.0020062667
talk.politics.mideast,0.0077492096,1.5478575,-0.4659531
rec.autos,-0.36127594,-0.19766517,-0.45796663
comp.graphics,0.119903505,-0.17732519,-0.027172754
talk.politics.mideast,-0.020380104,1.1342379,-0.25928777
rec.autos,-0.21164836,-0.08109659,-0.18957026
comp.graphics,-0.43748954,-0.32106674,0.083204366
rec.autos,0.10262875,-0.31362632,-0.12357624
rec.sport.baseball,1.1824949,-0.30740887,-0.049572013
talk.politics.mideast,-0.059296086,1.3049917,-0.25435698
rec.sport.baseball,0.8522228,-0.2717705,-0.055703368
sci.med,-0.45108587,-0.06698479,0.14855638
rec.sport.baseball,1.486649,-0.28040597,-0.022135437
rec.sport.baseball,0.9453987,-0.32115433,-0.05773131
rec.autos,-0.10945495,-0.37773642,-0.26974252
rec.autos,-0.073627345,-0.29534027,-0.12021856
sci.med,-0.07050138,0.012868178,0.1986593
rec.sport.baseball,1.2164732,-0.37420747,-0.07428591
sci.med,0.08366742,0.14373712,0.050872378
rec.autos,-0.20171908,-0.49469534,-0.24991994
rec.sport.baseball,1.0659937,-0.29113942,-0.05126155
comp.graphics,-0.5508858,-0.42457083,0.10763036
rec.sport.baseball,1.222373,-0.31057674,-0.044901863
rec.sport.baseball,0.74540174,-0.19705752,-0.07623153
rec.autos,-0.21576414,-0.45709378,-0.30305877
rec.sport.baseball,0.66836876,-0.30540508,-0.02589402
rec.autos,-0.09713816,-0.34758392,-0.21848974
talk.politics.mideast,0.0036721567,0.813312,-0.14562784
sci.med,-0.08997223,0.28143516,0.5174278
rec.sport.baseball,0.55438083,-0.26733676,-0.047255054
talk.politics.mideast,-0.033103198,1.2977664,-0.34259325
comp.graphics,-0.54911554,-0.30050477,0.07965211
rec.sport.baseball,-0.067268915,-0.35482642,-0.24324448
talk.politics.mideast,-0.023065934,0.5219651,-0.11932529
sci.med,-0.08286197,0.27931944,0.525859
rec.autos,0.074871965,-0.34535983,-0.072370194
comp.graphics,-0.449873,-0.34298685,0.074118644
rec.autos,-0.07174766,-0.24061172,-0.10645518
rec.autos,-0.43278185,-0.5191462,-0.28142104
rec.sport.baseball,0.75737107,-0.30775765,-0.0865635
talk.politics.mideast,-0.010967493,1.259196,-0.3132565
comp.graphics,-0.6488407,-0.3950065,0.11539483
talk.politics.mideast,-0.026691476,1.0927461,-0.2371651
talk.politics.mideast,-0.06733997,0.30065042,-0.060256295
comp.graphics,-0.5358629,-0.27721906,0.09306196
rec.sport.baseball,0.9016068,-0.23311326,-0.04369298
rec.sport.baseball,2.1879852,0.78069633,-0.0834099
rec.sport.baseball,0.47851586,-0.25503883,-0.060683306
rec.autos,-0.25943753,-0.48977154,-0.2757266
rec.sport.baseball,0.815068,-0.32844752,-0.08039087
sci.med,-0.059018426,0.2996731,0.47207052
sci.med,-0.15048826,0.39414477,0.72002757
comp.graphics,-0.028242996,-0.03017315,0.09063349
comp.graphics,-0.45776078,-0.09851723,0.12757865
rec.autos,-0.08537295,-0.19801138,-0.03344824
sci.med,-0.12407323,0.10871562,0.2857912
talk.politics.mideast,0.0011022902,1.6186655,-0.4564318
sci.med,-0.09810276,0.35212624,0.5376575
rec.sport.baseball,0.43386295,-0.37306106,-0.15357403
talk.politics.mideast,0.010843812,0.5901765,-0.10177148
rec.autos,0.04032386,0.3746606,-0.06763426
rec.sport.baseball,0.5624935,-0.12977807,-0.17523259
rec.autos,-0.3020567,-0.57739687,-0.34514645
rec.sport.baseball,1.180228,-0.37089837,-0.058442175
comp.graphics,-0.21708956,-0.37846482,0.020266585
sci.med,-0.10812405,0.20470572,0.43165573
talk.politics.mideast,0.018257214,1.7301104,-0.5049104
sci.med,0.029066695,0.08894688,0.23896603
talk.politics.mideast,-0.063802786,0.93809354,-0.09011501
rec.sport.baseball,0.3963221,-0.22560123,-0.011669396
rec.autos,-0.19689809,-0.31582126,-0.20950241
comp.graphics,-0.6731948,-0.42530456,0.08655015
comp.graphics,-0.56487936,-0.39398107,0.107415035
rec.autos,0.26298136,-0.34700632,-0.12734333
sci.med,-0.21783768,0.4116745,0.7927636
rec.sport.baseball,0.9583234,-0.30879468,-0.06463215
talk.politics.mideast,0.008701587,1.6896173,-0.49009588
rec.autos,-0.2851453,-0.55465907,-0.43392593
sci.med,-0.052605376,0.14122741,0.35551277
comp.graphics,-0.49309587,-0.35674018,0.08632315
rec.sport.baseball,0.81553966,-0.29192045,-0.057744488
talk.politics.mideast,0.010582077,0.81584615,-0.15482505
sci.med,-0.21901047,0.57927114,0.81806517
comp.graphics,-0.31551093,-0.015573815,0.08980033
comp.graphics,-0.4666213,-0.2998622,0.08678072
comp.graphics,0.016787726,-0.11042464,0.022332143
rec.sport.baseball,0.7528945,-0.22283214,-0.043236732
sci.med,-0.15443484,0.31197128,0.5069518
sci.med,-0.15347584,0.42377976,0.51724213
rec.autos,-0.24957584,-0.5353913,-0.24750027
talk.politics.mideast,0.007991702,1.6563232,-0.48869252
rec.autos,0.13517743,-0.20686895,-0.06110143
rec.sport.baseball,1.0333713,-0.26015615,-0.057355244
talk.politics.mideast,-0.024757897,1.0371579,-0.21215421
comp.graphics,-0.32891434,-0.33632818,-0.014515361
comp.graphics,-0.36837384,-0.09187659,0.10755319
rec.sport.baseball,1.1683763,-0.3141492,-0.053838544
comp.graphics,-0.50642616,-0.40590444,0.06826033
rec.sport.baseball,1.2424716,-0.34659714,-0.066098295
talk.politics.mideast,-0.012704733,1.106818,-0.2381326
rec.sport.baseball,0.9098727,-0.2500277,-0.04970924
talk.politics.mideast,0.21538672,2.8123815,-0.583136
rec.sport.baseball,0.1690394,-0.100014,0.06254888
talk.politics.mideast,-0.018661723,1.2338219,-0.22140323
rec.sport.baseball,0.79387665,-0.31055382,-0.05027995
talk.politics.mideast,-0.037352715,1.0757853,-0.23198912
talk.politics.mideast,-0.024267962,1.0201647,-0.21019466
comp.graphics,-0.024018396,-0.28486866,-0.013405278
sci.med,0.019670865,-0.24009019,-0.058141027
comp.graphics,-0.6559487,-0.44101503,0.11783897
rec.sport.baseball,0.48967287,-0.26581565,-0.08642096
rec.autos,-0.22130476,-0.47208464,-0.23887134
rec.autos,-0.06291101,0.38336638,-0.51272666
sci.med,0.20329873,-0.2709998,-0.09139963
comp.graphics,-0.1318212,-0.34660986,0.008961387
talk.politics.mideast,-0.010751155,0.7310855,-0.12499151
rec.autos,-0.15579896,-0.3685313,-0.16358756
rec.autos,-0.4659587,4.7891083,-0.6228366
talk.politics.mideast,-0.023415053,0.9523546,-0.18586206
talk.politics.mideast,-0.015719417,1.0380292,-0.18625544
sci.med,-0.1781964,0.2695259,0.3340322
sci.med,-0.16434027,-0.27338454,0.0036614172
sci.med,7.570224e-05,0.1410481,0.37253886
comp.graphics,-0.4819379,-0.40700728,0.06768385
rec.autos,-0.248604,-0.4741559,-0.24254932
rec.autos,0.15306109,-0.28326273,-0.1615779
rec.autos,-0.33702707,-0.4520484,-0.21570584
sci.med,-0.13651964,0.35526112,0.47599277
comp.graphics,0.25944853,-0.31916487,-0.118493944
talk.politics.mideast,-0.03037862,1.0374956,-0.2138577
comp.graphics,-0.4084751,-0.30472052,0.09325079
rec.sport.baseball,-123.96622,-61.76649,-0.71290916
rec.sport.baseball,0.13719504,-0.19724046,-0.040623683
talk.politics.mideast,0.12922026,-0.30043438,-0.06420537
comp.graphics,-0.59681505,-0.3707964,0.093757875
rec.autos,-0.0042556976,-0.3343487,-0.2987093
comp.graphics,1.2521343,1.6257117,-1.8224244
rec.sport.baseball,0.3677201,-0.19658345,-0.011371271
comp.graphics,0.2771768,-0.2641598,-0.10833081
rec.autos,0.78368294,-0.30176133,-0.0718524
rec.sport.baseball,0.2983126,-0.12210988,0.024672281
sci.med,-0.057436973,0.18956956,0.412493
rec.autos,0.230176,1.0249785,-0.57937413
rec.autos,-0.09203972,0.13695571,-0.026018538
talk.politics.mideast,-0.021261143,1.0215417,-0.18326373
rec.sport.baseball,1.258924,-0.2860234,-0.02492625
rec.autos,-0.16357389,-0.37660298,-0.221305
sci.med,-0.08516805,0.29527465,0.37060177
sci.med,-0.12631376,0.26756057,0.4962236
rec.autos,-0.325846,-0.55113614,-0.3896681
talk.politics.mideast,0.10042469,-0.02462598,-0.059704445
comp.graphics,-0.53837377,-0.40085945,0.09421309
rec.autos,0.033674497,-0.58503884,-0.41613564
sci.med,0.018910542,-0.022731328,0.10781281
rec.sport.baseball,0.3978622,-0.34340137,-0.13065909
comp.graphics,-0.7274418,-0.39618227,0.13964495
rec.autos,-0.040509064,0.40930402,-0.39096045
sci.med,-0.057401262,-0.18417552,-0.010050485
sci.med,-0.24824183,0.23111205,0.2428747
sci.med,-0.08668067,0.44206014,0.26323417
rec.sport.baseball,0.82397306,-0.20593074,-0.024486719
sci.med,-0.09824143,0.1872409,0.08766911
sci.med,-0.17339206,0.4807664,0.87158155
talk.politics.mideast,0.041071516,0.81311846,-0.15790291
sci.med,-0.29974428,0.017627928,0.21547748
talk.politics.mideast,0.014752497,0.6040506,-0.09931258
talk.politics.mideast,0.0012850201,1.565816,-0.44019794
rec.sport.baseball,0.89616984,-0.24267872,-0.04438207
rec.sport.baseball,0.24235472,-0.25948504,-0.042799894
rec.autos,-0.16766617,-0.4511693,-0.2606979
sci.med,-0.24193138,0.13565548,0.3075187
comp.graphics,-0.60884804,-0.3921809,0.108279765
rec.sport.baseball,0.6200162,-0.28398678,-0.101531416
rec.autos,-0.3158505,-0.5615437,-0.36573827
rec.sport.baseball,0.61149883,-0.15084349,-0.15994193
rec.sport.baseball,1.14482,-0.36128584,-0.07203504
talk.politics.mideast,0.027968325,0.43787947,-0.061532807
talk.politics.mideast,0.014647895,0.28914618,-0.039649244
rec.autos,-0.17532368,-0.1971732,-0.083761945
sci.med,-0.2691111,0.43037918,0.8560396
comp.graphics,-0.3468985,-0.05632719,0.09530373
sci.med,-0.13868687,0.43809533,0.74529976
talk.politics.mideast,0.021078527,1.2316872,-0.36607316
sci.med,-0.026883855,0.024184804,-0.05557702
comp.graphics,-0.7038441,-0.46830752,0.12396312
rec.sport.baseball,0.5055148,-0.20855837,-0.03825906
sci.med,-0.06283543,0.29336506,0.4935765
sci.med,-0.12790167,-0.32749054,-0.015375064
comp.graphics,0.13518226,-0.3272109,-0.10272313
rec.sport.baseball,0.033218034,0.2480096,-0.04770776
comp.graphics,0.14260133,-0.22215639,-0.016462456
rec.sport.baseball,0.079514034,-0.22112955,-0.00013568997
sci.med,-0.17141843,0.26585752,0.46582347
sci.med,0.33086947,-0.38233656,-0.17517143
rec.autos,0.1527342,-0.25072864,-0.09423042
rec.autos,-0.31008935,-0.5684302,-0.35963762
rec.autos,0.3738746,-0.21296571,-0.053981498
talk.politics.mideast,0.018172491,0.7173678,-0.15337805
sci.med,-0.24651253,0.5996683,1.1440699
sci.med,-0.10654567,0.20771936,0.4258014
rec.autos,-0.2465527,-0.0865385,-0.35303438
rec.autos,-0.025995107,-0.13697237,-0.07363025
rec.sport.baseball,0.69041836,-0.21968867,-0.038207196
talk.politics.mideast,-0.40163067,0.10627224,0.1465605
talk.politics.mideast,0.0066045923,1.6855897,-0.4847601
sci.med,-0.0963214,-0.1662479,0.036850233
talk.politics.mideast,0.009733024,1.0565407,-0.18698487
rec.autos,-0.15565875,-0.49099723,-0.3073706
sci.med,-0.19982138,0.001328222,0.13433304
sci.med,-0.0607449,0.091986634,0.30194864
rec.sport.baseball,-0.020724984,-0.096260525,-0.017457463
talk.politics.mideast,-0.008185974,0.90515304,-0.16770369
talk.politics.mideast,0.42168838,-0.42515808,-0.23257616
sci.med,-0.08863735,-0.13765217,0.0646833
talk.politics.mideast,-0.0006349974,0.6014577,-0.059375595
comp.graphics,0.012190947,-0.37219107,-0.08537811
comp.graphics,-0.41209581,-0.36273295,0.051093966
comp.graphics,-0.17581093,-0.270639,0.0075717317
talk.politics.mideast,-0.028426034,0.72765225,-0.12907605
sci.med,-0.06627771,0.2709763,0.27506486
comp.graphics,-0.5633087,-0.3141856,0.083960906
sci.med,-0.45354307,0.44537434,0.623237
comp.graphics,-0.5995139,-0.42376983,0.11617304
rec.sport.baseball,1.0641773,-0.29709193,-0.056567725
comp.graphics,-0.44448954,-0.39917916,0.05091245
rec.autos,-0.004969997,-0.22425503,-0.018676978
rec.sport.baseball,0.9249592,-0.28682104,-0.056361575
talk.politics.mideast,0.12720042,0.6413862,-0.09369921
talk.politics.mideast,0.0012590014,0.47045195,-0.12951733
comp.graphics,-0.5868572,-0.44937396,0.08569432
talk.politics.mideast,-0.010216596,0.5970288,-0.08067232
rec.autos,-0.0852848,-0.39841762,-0.2198536
rec.autos,-0.18195133,-0.49588415,-0.30178252
comp.graphics,-0.36353308,-0.35346687,0.047141127
rec.autos,0.26130292,-0.3875698,-0.12669748
rec.sport.baseball,0.66854435,-0.29393196,-0.064664595
rec.autos,-0.24557492,-0.579428,-0.30494264
comp.graphics,-0.14267297,-0.11184129,-0.020299925
talk.politics.mideast,0.48620546,-0.08385645,-0.028317848
rec.autos,0.023298101,-0.12542959,-0.09496256
sci.med,-0.101915486,0.20786956,0.3850876
rec.autos,-0.26273346,-0.4545542,-0.2970593
rec.sport.baseball,1.0631324,-0.31792033,-0.057248127
talk.politics.mideast,-0.026948068,1.0112987,-0.17843527
rec.autos,0.13457006,-0.3359752,-0.11776649
rec.autos,-0.0911504,-0.19014712,-0.033806663
comp.graphics,-0.5014012,-0.37052715,0.07067714
rec.autos,-0.33848214,-0.3591653,-0.04734102
rec.sport.baseball,0.46927923,-0.36243707,-0.15333928
sci.med,0.05060851,0.3726307,-0.0065793125
sci.med,-0.046802428,0.29594076,0.5259235
rec.autos,0.0127663445,0.48374245,-0.18490148
rec.autos,0.5315263,-0.1498612,-0.06421209
sci.med,-0.067342564,0.38531306,0.75355935
rec.autos,0.3506894,0.7352136,-0.15977962
rec.autos,-0.25017107,-0.45658493,-0.25017175
talk.politics.mideast,0.00059827196,1.4941545,-0.4151189
rec.sport.baseball,0.36566404,-0.04344831,-0.12362537
comp.graphics,-0.22571649,-0.22470203,-0.033316106
rec.sport.baseball,0.5576873,-0.31190974,-0.07041857
rec.sport.baseball,0.58678776,-0.29815447,-0.06294016
comp.graphics,0.022133578,-0.27046928,-0.044375174
rec.sport.baseball,1.1843047,-0.32639542,-0.054976787
talk.politics.mideast,-0.020080024,0.9424325,-0.18235715
rec.autos,-0.23041293,-0.40732005,-0.24452735
talk.politics.mideast,-0.07805968,0.8734555,-0.05397576
sci.med,-0.1600792,0.29641238,0.33717394
comp.graphics,-0.2171087,-0.32770288,0.02827785
rec.autos,-0.07548796,0.20132644,0.23254277
talk.politics.mideast,-0.029590655,1.0506898,-0.20571725
rec.autos,-0.14263819,-0.47377768,-0.24784309
comp.graphics,0.24809636,-0.35807765,-0.13675143
rec.sport.baseball,0.31540018,-0.419183,-0.15001282
rec.sport.baseball,0.6694203,-0.24400671,-0.042445425
rec.sport.baseball,1.3168366,-0.31436792,-0.048247248
talk.politics.mideast,-0.034009695,0.39542317,-0.031580787
comp.graphics,0.0497863,6.843199,-0.3186336
sci.med,-0.093665615,0.12091044,0.33767498
comp.graphics,-0.13287844,-0.19915101,0.040887058
rec.sport.baseball,0.2077562,-0.3194216,-0.07822657
rec.autos,-0.0667655,-0.2635193,-0.08461109
rec.sport.baseball,0.4578814,-0.36235824,-0.13531049
rec.sport.baseball,0.7008684,-0.22541712,-0.036955267
rec.sport.baseball,0.006691027,-0.09044709,0.0141122155
comp.graphics,-0.4482565,-0.3895516,0.06634598
talk.politics.mideast,0.012262375,1.4634768,-0.46425846
talk.politics.mideast,0.28309336,-0.34034237,-0.14526561
talk.politics.mideast,0.20534618,0.35202402,0.016496781
rec.autos,-0.3155482,-0.5169801,-0.31563237
rec.sport.baseball,1.1038756,-0.34070617,-0.06908542
talk.politics.mideast,0.024792895,1.1481254,-0.3705237
comp.graphics,0.9978655,0.13445225,-1.8151743
comp.graphics,-0.4989,-0.3957151,0.064516336
talk.politics.mideast,-0.013052699,0.71822256,-0.09784924
sci.med,0.019614719,-0.020389462,0.09957353
comp.graphics,-0.7345763,-0.15150505,0.1876491
rec.autos,-0.22355163,-0.3564753,-0.10436464
rec.autos,-0.058663752,0.58670086,-0.17744413
sci.med,-0.11373636,0.3159905,0.6333832
comp.graphics,-0.1778129,-0.25720757,0.032928545
sci.med,0.07358849,-0.16806227,0.027910236
sci.med,-0.12375695,0.2616023,0.5526017
comp.graphics,-0.18868434,-0.2742626,0.011366106
talk.politics.mideast,0.043660775,0.84938323,-0.17120023
talk.politics.mideast,0.084820315,1.0863756,-0.24358316
talk.politics.mideast,-0.040740687,0.8159561,-0.17413846
rec.sport.baseball,0.9969647,-0.3525363,-0.08074662
rec.sport.baseball,0.9018363,-0.23998068,-0.041018177
talk.politics.mideast,0.016735256,0.29842126,-0.041282155
rec.autos,0.17771706,-0.3346674,-0.09896111
comp.graphics,-0.5768841,-0.41441694,0.08776209
sci.med,0.29260272,-0.40347403,-0.16914275
comp.graphics,-0.07135435,-0.29586476,0.000738064
comp.graphics,-0.49418187,-0.29364038,0.0963812
talk.politics.mideast,-0.0035085366,1.6905947,-0.48076677
comp.graphics,-0.48018172,-0.36505947,0.07140183
talk.politics.mideast,-0.30206105,-0.08356632,0.07098198
rec.autos,0.06314717,-0.3019218,-0.04911049
rec.autos,0.25607365,-0.30399296,-0.077615485
comp.graphics,-0.61210334,-0.2837762,0.131742
rec.autos,-0.19021705,-0.42491108,-0.20957012
rec.sport.baseball,0.41757503,-0.28851175,-0.05765221
sci.med,0.01727122,0.43078476,1.0181311
rec.sport.baseball,0.16085158,-0.08079141,-0.0011884009
sci.med,-0.6765235,-0.45038444,0.15047048
talk.politics.mideast,0.03548448,0.8185846,-0.15723015
talk.politics.mideast,0.0016716843,1.6372178,-0.47688985
sci.med,-0.06943191,0.24964917,0.36694932
comp.graphics,-0.106842086,-0.307977,0.008312346
comp.graphics,-0.22354898,-0.12083362,0.039898954
talk.politics.mideast,-0.09531951,0.42457983,-0.04413668
talk.politics.mideast,0.0018590237,1.6731563,-0.4852901
talk.politics.mideast,0.20665735,-0.22182114,-0.079166844
talk.politics.mideast,-0.02371592,1.3585624,-0.34027544
rec.autos,0.27213624,-0.26208282,-0.06461212
rec.sport.baseball,0.10575408,-0.16679741,0.029511848
rec.autos,0.11508378,-0.41221824,-0.1495926
comp.graphics,-0.5525006,-0.31597945,0.11280991
sci.med,-0.07438482,0.21396267,0.4078644
rec.sport.baseball,0.19771056,-0.13369647,-0.051863626
sci.med,-0.2416624,0.5039694,0.69661087
sci.med,0.072418675,-0.03293026,0.071105495
comp.graphics,-0.4241398,-0.37572196,0.06927042
comp.graphics,-0.08985913,0.006176678,0.021445759
talk.politics.mideast,-0.024247846,0.97137696,-0.17403781
sci.med,-0.19471642,0.12527436,0.37532467
talk.politics.mideast,-0.045805737,0.7248597,-0.10292095
rec.sport.baseball,1.1374193,-0.35594198,-0.0694861
comp.graphics,0.12210533,-0.28558585,-0.053844042
sci.med,-0.47144353,-0.032250404,0.17457725
comp.graphics,0.13913563,-0.3179675,-0.107928686
rec.autos,-0.296828,-0.59388024,-0.62152135
rec.sport.baseball,0.6738237,-0.23946264,-0.048890036
sci.med,-0.1337952,0.21072643,0.3922269
talk.politics.mideast,-0.018435428,0.9185536,-0.18481705
sci.med,0.038083304,-0.09778598,-0.011274526
sci.med,-0.7026086,-0.42920253,0.1058923
rec.autos,0.20512749,-0.31485915,-0.13030995
rec.sport.baseball,0.31658328,-0.06821796,-0.045860983
rec.autos,-0.10537699,-0.29446784,-0.2574995
talk.politics.mideast,-0.0033029155,1.650478,-0.46611953
sci.med,-0.17021587,0.3334633,0.59550565
talk.politics.mideast,0.016394554,0.43867922,-0.06644991
comp.graphics,-0.43949017,-0.094147086,0.16937217
talk.politics.mideast,-0.053082056,1.0304363,-0.14228517
rec.autos,-0.030453319,-0.32203913,-0.33615834
rec.sport.baseball,0.61166763,-0.28224358,-0.07362083
rec.sport.baseball,0.26356182,-0.24751444,-0.10044496
sci.med,0.03631502,-0.17774394,0.0397429
sci.med,-0.17841467,0.49811307,0.6914662
sci.med,0.023519207,0.117020406,0.4339758
rec.autos,-0.032307424,-0.45506534,-0.30119964
rec.autos,-0.30165428,-0.5911549,-0.38045412
rec.autos,-0.24513443,-0.579299,-0.32644904
sci.med,-0.24775086,0.67499983,0.9512684
sci.med,-0.2887261,0.5503656,0.2541437
talk.politics.mideast,-0.0054397243,1.6579475,-0.46861407
rec.sport.baseball,1.3458399,-0.32178962,-0.048882194
talk.politics.mideast,0.009766505,1.6476603,-0.5075667
rec.autos,0.01691461,-0.38378188,-0.1741682
rec.autos,-0.2388527,-0.45777696,-0.24418864
comp.graphics,-0.5865736,-0.43064094,0.095371805
talk.politics.mideast,0.048106965,0.6765161,-0.2232209
rec.sport.baseball,0.90688133,-0.29694015,-0.067372486
rec.sport.baseball,1.3461584,-0.28600332,-0.05660133
talk.politics.mideast,0.00084547343,1.1275133,-0.29529837
rec.autos,-0.10947792,-0.30293277,-0.10067156
sci.med,-0.094514474,0.34613192,0.6197284
rec.autos,-0.025526082,-0.18054788,-0.09424848
rec.autos,-0.9921652,-0.5071875,0.18525413
rec.sport.baseball,0.754233,-0.30751148,-0.07081718
rec.sport.baseball,0.36665225,-0.2102736,-0.10695759
comp.graphics,-0.48285887,-0.3829356,0.07795357
talk.politics.mideast,0.0059002494,0.57503223,-0.13052651
sci.med,-0.9283273,-0.11081265,0.25980854
rec.autos,-0.09054605,-0.3477719,-0.13263763
rec.autos,-0.09912618,-0.1608289,-0.011620119
rec.autos,-0.20099337,-0.37584856,-0.09307824
comp.graphics,-0.3541441,-0.41028175,0.008537939
sci.med,-0.1328859,0.19524455,0.35572633
comp.graphics,-0.6420004,-0.4178838,0.11122885
talk.politics.mideast,-0.04989816,1.200674,-0.20138605
sci.med,-0.12910582,0.16041733,0.3374965
comp.graphics,1.2537245,1.6273859,-1.8322192
talk.politics.mideast,0.011626595,0.81846845,-0.12900372
rec.autos,-0.20513181,-0.48838905,-0.23060064
talk.politics.mideast,0.21530315,2.8095384,-0.5827332
comp.graphics,-0.49449724,-0.31634063,0.09235965
talk.politics.mideast,0.0015270037,0.92439413,-0.18051675
talk.politics.mideast,-0.021452887,1.0622293,-0.26818502
comp.graphics,-0.76726115,-0.4886945,0.138484
rec.sport.baseball,0.8382872,-0.3111334,-0.06964057
talk.politics.mideast,-0.044167873,1.0876005,-0.16935374
sci.med,0.027544066,-0.083639674,0.041846637
rec.sport.baseball,0.5356811,0.3590584,0.15087286
rec.sport.baseball,0.98583174,-0.31891766,-0.08045384
comp.graphics,-0.4715813,-0.3644928,0.071167916
talk.politics.mideast,0.0070618475,1.631217,-0.49327508
rec.sport.baseball,0.16737042,-0.24670829,-0.05902931
sci.med,0.13664977,-0.12803161,0.05972415
rec.sport.baseball,0.24278407,-0.2716725,-0.054855634
rec.autos,-0.25226364,-0.52862245,-0.29958376
comp.graphics,-0.31245264,-0.1886674,0.08311576
rec.sport.baseball,0.80244124,-0.33061615,-0.0749723
talk.politics.mideast,0.2622369,-0.32039866,-0.12636603
talk.politics.mideast,-0.017867938,0.90148693,-0.15390612
talk.politics.mideast,0.6212708,2.1525319,-1.0496738
rec.sport.baseball,1.076881,-0.286167,-0.04463181
talk.politics.mideast,-0.0032737576,0.38780513,-0.035464585
rec.autos,-0.13014069,-0.46715263,-0.29990852
sci.med,-0.11757152,0.52983695,0.23874028
rec.sport.baseball,1.0013392,-0.3094343,-0.061691124
rec.autos,-0.15827096,0.04573229,-0.16617912
sci.med,-0.14237995,0.38202122,0.6772225
comp.graphics,-0.69540876,-0.4001854,0.115364835
sci.med,-1.0502018,-0.52589256,0.19403502
comp.graphics,-0.0068452405,-0.38868064,-0.017182946
sci.med,-0.15676333,0.07595142,0.2760914
talk.politics.mideast,0.024699297,0.29564792,-0.10900709
rec.sport.baseball,0.93469095,-0.32602394,-0.07519325
rec.sport.baseball,0.05687889,0.1867984,-0.0017728151
rec.sport.baseball,0.22684167,-0.34718928,-0.07809548
talk.politics.mideast,-0.06206483,0.83630854,-0.068286486
talk.politics.mideast,-0.026849655,1.1529132,-0.24620053
rec.autos,0.10703966,-0.12801905,-0.041442636
talk.politics.mideast,0.0026866184,1.5523305,-0.4473633
sci.med,-0.25305328,0.635414,0.9118997
comp.graphics,-0.4442291,-0.38558182,0.049886435
rec.sport.baseball,0.1759872,0.2357414,0.1858475
sci.med,-0.23190323,0.61729187,0.87663645
talk.politics.mideast,-0.0018443951,1.699064,-0.48278067
talk.politics.mideast,-0.026877297,0.35601944,-0.10394938
rec.sport.baseball,-0.27519193,-0.2702551,0.034911428
talk.politics.mideast,0.07079032,0.33762807,-0.107689895
rec.sport.baseball,0.9584136,-0.24102274,-0.039142165
rec.sport.baseball,0.9532662,-0.27680117,-0.059866417
talk.politics.mideast,0.08697151,1.0833404,-0.2434043
comp.graphics,-0.33124265,-0.3375017,0.03310661
comp.graphics,-0.34906873,-0.40875775,0.10199495
comp.graphics,0.043891616,-0.38852665,-0.015164545
rec.sport.baseball,0.9937988,0.13109632,-1.8163238
rec.sport.baseball,0.5459731,-0.22904728,-0.047966685
sci.med,-0.90698963,0.1532419,0.5209957
talk.politics.mideast,-0.049326353,1.0014849,-0.16215405
talk.politics.mideast,0.30518898,0.13409485,-0.022760564
talk.politics.mideast,-0.0142552005,1.4226035,-0.37900636
comp.graphics,-0.15091099,-0.30766657,0.011880823
sci.med,-0.018530587,0.12942348,0.32857504
rec.sport.baseball,1.2187312,-0.34084487,-0.06514837
sci.med,-0.16729476,0.29079583,0.51210773
rec.sport.baseball,0.24123828,-0.27450892,-0.05660537
sci.med,-0.14478223,0.40161642,0.7076366
sci.med,-0.19655252,0.12189955,0.3711924
rec.autos,-0.3456741,-0.4698291,-0.29187906
sci.med,-0.18421684,0.2951922,0.1686183
rec.sport.baseball,0.73084015,-0.3181461,-0.078130536
sci.med,-0.36191055,0.11228332,0.30270296
rec.sport.baseball,0.4720708,-0.3860258,-0.1737037
comp.graphics,-0.8102383,-0.4926869,0.13866791
sci.med,-0.34549412,0.39743647,0.68111736
sci.med,-0.12234023,0.39223054,0.58059967
comp.graphics,-0.25509855,-0.22745165,-0.0662194
sci.med,0.5427643,-0.18530601,-0.023824763
rec.sport.baseball,0.43938237,-0.33672667,-0.086737834
talk.politics.mideast,0.14656487,-0.10523364,-0.043796785
rec.autos,-0.067164585,0.04067057,0.0338508
rec.sport.baseball,0.9208704,-0.31532076,-0.073255025
comp.graphics,-0.5933351,-0.34186605,0.109705865
talk.politics.mideast,0.010185123,0.9112112,-0.17490369
sci.med,0.021236261,0.0017099505,0.123996854
rec.sport.baseball,0.093930684,-0.2502034,-0.034694992
sci.med,-0.0836244,0.2624063,0.06723531
rec.autos,-0.14053491,-0.27788365,-0.035537776
rec.autos,-0.20516999,-0.22696927,-0.216802
rec.sport.baseball,0.9850102,-0.3363123,-0.079313286
comp.graphics,-0.27965203,-0.20409389,0.08570964
rec.sport.baseball,0.7566693,-0.20016988,-0.07783572
comp.graphics,-0.5943576,-0.41299066,0.07059267
rec.autos,-0.17862728,-0.46949366,-0.23946074
comp.graphics,-0.22439149,-0.11674807,-0.009222601
rec.sport.baseball,0.90493274,-0.27591312,-0.05945622
rec.sport.baseball,1.2392654,-0.3523777,-0.06968678
rec.sport.baseball,0.9445523,-0.28157657,-0.056609545
talk.politics.mideast,-0.011967725,1.3749475,-0.3527835
rec.sport.baseball,0.8957001,-0.30684745,-0.063114144
sci.med,-0.051797472,0.40519187,0.6684311
sci.med,-0.1631217,0.35619015,0.5902216
talk.politics.mideast,-0.116159506,0.95973974,-0.041990757
rec.autos,-0.18432696,-0.43413806,-0.18372045
comp.graphics,-0.54476404,-0.44270486,0.08171069
comp.graphics,-0.40543592,-0.26016665,0.11271575
rec.autos,0.11431287,-0.3046519,-0.043137163
talk.politics.mideast,0.22022459,-0.21212406,-0.15417033
talk.politics.mideast,0.06609043,0.5382526,0.07581176
sci.med,-0.25588784,0.6300981,0.90689886
rec.sport.baseball,0.24574971,0.11404944,-0.0999564
sci.med,-0.036665536,0.24702568,0.59988445
comp.graphics,-0.9335638,-0.46966174,0.17958198
sci.med,-0.05526668,0.28837013,0.4856673
sci.med,0.5399744,-0.12006262,0.091246575
rec.autos,-0.39102978,-0.67752576,-0.45254463
sci.med,-0.07994443,0.5038922,0.10306648
talk.politics.mideast,-0.033583872,1.1696986,-0.22787778
rec.sport.baseball,1.0033696,-0.35614178,-0.081836805
rec.autos,-0.4466509,-0.5496204,-0.30408448
sci.med,-0.13905565,-0.12792997,0.0138460575
rec.autos,-0.13994984,-0.379678,-0.2411441
rec.sport.baseball,0.86667866,-0.30057156,-0.05174095
talk.politics.mideast,-0.0031540936,0.49414676,-0.13979448
sci.med,0.029544573,0.4022274,0.6360438
comp.graphics,-0.28367972,-0.20870124,0.058653727
rec.sport.baseball,0.5743677,-0.07839205,-0.07862118
comp.graphics,-0.7495583,-0.18945178,0.22490272
rec.sport.baseball,0.7079183,-0.2825703,-0.053589217
comp.graphics,-0.10292585,-0.31402567,0.0072641238
comp.graphics,-0.52089864,-0.26330504,0.12450059
talk.politics.mideast,-0.4139822,0.098460495,0.16814141
rec.sport.baseball,-0.051057927,-0.34437785,-0.2405767
comp.graphics,-0.32977408,-0.3450106,0.020443793
rec.autos,-0.19366527,-0.34060168,-0.14556168
rec.sport.baseball,0.38470787,-0.2498364,-0.06770387
comp.graphics,-0.093833745,-0.27298924,0.010574242
rec.autos,-0.1897742,-0.29341787,-0.03588163
rec.sport.baseball,0.52896935,-0.25579357,-0.047991958
rec.sport.baseball,0.97774184,-0.31700978,-0.061499882
rec.autos,-0.100518525,-0.47517958,-0.23176396
rec.autos,-0.2406197,-0.13069026,-0.045658734
talk.politics.mideast,-0.028261898,1.0858408,-0.23655042
rec.sport.baseball,1.2628392,-0.28544533,-0.024904191
rec.sport.baseball,-0.45530784,-0.04327619,0.16104151
rec.sport.baseball,0.46326196,-0.3588299,-0.1468495
rec.sport.baseball,0.22878186,-0.33786395,-0.07434699
rec.autos,-0.43791327,-0.6400395,-0.54258573
comp.graphics,-0.74475,-0.4082405,0.14204429
rec.autos,0.108557194,-0.17671277,-0.04316131
comp.graphics,-0.42376137,0.02997291,0.13910158
rec.autos,-0.2536777,0.36495048,-0.3639082
talk.politics.mideast,-0.0034190337,1.6120391,-0.45454812
talk.politics.mideast,0.022195125,0.504364,-0.12488615
sci.med,-0.04206584,0.34480435,0.6712574
comp.graphics,-0.2060635,-0.31292534,0.03456148
talk.politics.mideast,-0.038252022,0.767274,-0.1306187
comp.graphics,-0.28627047,-0.23673546,0.059355624
rec.sport.baseball,1.4091856,-0.27294418,-0.023447592
talk.politics.mideast,-0.018065631,1.2556651,-0.29167604
rec.sport.baseball,0.75153357,-0.2938137,-0.067469046
rec.sport.baseball,0.79036623,-0.27705908,-0.058409046
rec.sport.baseball,0.6462254,-0.1998614,-0.05226842
comp.graphics,-0.101735555,-0.20622082,0.047238912
talk.politics.mideast,-0.025313426,0.9965182,-0.18543723
comp.graphics,0.99918175,0.13628869,-1.8157426
comp.graphics,-0.14053002,-0.2366733,0.04067914
rec.sport.baseball,1.1159899,-0.3005705,-0.041779798
rec.sport.baseball,1.135239,-0.31956986,-0.062312696
rec.sport.baseball,0.8153837,-0.2581951,-0.06807119
rec.autos,-0.007753376,0.4920925,-0.07472966
rec.autos,-0.21418898,-0.35628143,-0.1625062
rec.sport.baseball,0.14194958,0.84547555,-0.15427935
rec.autos,0.119251415,-0.29912716,-0.038719714
rec.sport.baseball,0.7200797,-0.31142116,-0.076682225
talk.politics.mideast,-0.021168087,0.9688999,-0.18849498
sci.med,-0.13948162,0.10834848,0.27413175
comp.graphics,-0.06078634,-0.2640732,-0.018050931
comp.graphics,-0.38824433,-0.3318504,0.05262385
rec.autos,-0.12239949,-0.48114792,-0.2456745
comp.graphics,-0.42402396,-0.21761875,0.059417333
sci.med,-0.09650827,0.07259416,0.25096297
comp.graphics,0.13570096,-0.38602337,-0.06992387
rec.autos,-0.099434495,-0.34059474,-0.17034586
comp.graphics,-0.52341396,0.62645423,0.8448658
talk.politics.mideast,0.64981633,2.2133713,-1.0838488
talk.politics.mideast,0.010170197,1.6597909,-0.5104079
rec.sport.baseball,1.0997766,-0.3437424,-0.07459679
sci.med,0.026357286,0.39140296,0.6084089
comp.graphics,-0.35233417,-0.08694159,0.056055594
talk.politics.mideast,0.009061315,1.6047417,-0.4753417
sci.med,0.0013968155,0.13847259,0.38907665
talk.politics.mideast,-0.0025857962,0.7631388,-0.12702884
rec.sport.baseball,1.0670937,-0.30143127,-0.058399048
comp.graphics,-0.48971632,0.61058754,0.80593824
sci.med,0.091430634,-0.01918444,0.18012464
comp.graphics,-0.40877932,-0.22497642,0.071078636
comp.graphics,-0.2561862,-0.279464,-7.80134e-05
rec.sport.baseball,0.18145686,-0.30606598,-0.05968782
comp.graphics,-0.5106078,-0.4608457,0.04491136
rec.autos,0.14643551,-0.34488347,-0.13165568
sci.med,0.12627873,-0.045298856,0.08424277
rec.sport.baseball,0.29260334,-0.35556653,-0.08641901
comp.graphics,-0.6336064,-0.33383894,0.10897352
comp.graphics,-0.5185562,-0.41418615,0.07404738
talk.politics.mideast,0.002758971,1.4623197,-0.4011207
sci.med,-0.12858705,0.31625843,0.53197885
comp.graphics,-0.56390536,-0.41542646,0.07731477
sci.med,-0.100650676,0.4769063,0.1921795
talk.politics.mideast,-0.02805814,1.1678305,-0.2197545
rec.autos,-0.04367768,-0.32364458,-0.14958978
rec.sport.baseball,1.084865,-0.33127984,-0.064706914
comp.graphics,-0.7834654,-0.42193392,0.14560917
sci.med,-0.12518598,0.10344805,0.31510764
sci.med,-0.11767754,0.047878552,0.32727987
sci.med,0.30732548,0.286822,0.19066769
rec.sport.baseball,0.22018048,-0.3281504,-0.097210266
rec.autos,-0.02008948,-0.30020812,-0.082647845
rec.autos,-0.3018062,-0.5316533,-0.27474105
comp.graphics,0.38540277,0.2951495,-0.016883286
rec.autos,-0.27144665,-0.38083786,-0.12049558
comp.graphics,-0.51924247,-0.4187322,0.06491898
sci.med,-0.60978675,-0.39056087,0.17662686
comp.graphics,-0.40744692,-0.19849488,0.0550276
talk.politics.mideast,-0.00054459245,0.95942694,-0.2206099
rec.autos,-0.020759173,-0.18155469,-0.08906113
comp.graphics,0.00745006,-0.30157173,-0.040030546
rec.sport.baseball,0.0882494,-0.14922953,-0.05376151
rec.sport.baseball,0.79153705,-0.28668025,-0.06141064
rec.autos,-0.052344915,-0.39050627,-0.13814424
talk.politics.mideast,0.08310971,0.46524367,0.042248014
rec.sport.baseball,0.15806283,-0.16473277,0.0074990187
rec.sport.baseball,0.66294056,-0.19423443,-0.034322575
sci.med,-0.29179975,0.30005515,0.4100588
rec.sport.baseball,0.5150332,-0.24768963,-0.048009753
comp.graphics,-0.37830272,-0.37495634,0.063064136
sci.med,-0.18137427,0.49191377,0.6479081
comp.graphics,-0.5813337,-0.4041559,0.10029053
talk.politics.mideast,-0.026433941,1.057988,-0.22766227
rec.autos,0.123308964,-0.22863643,-0.062007513
sci.med,-0.14592555,0.39283022,0.7195228
rec.sport.baseball,1.0896078,-0.2960017,-0.040188927
rec.sport.baseball,0.8757854,-0.047238164,-0.029492097
sci.med,-0.11310178,0.12427317,0.3067333
rec.sport.baseball,0.6377724,-0.26631805,-0.04122344
rec.autos,-0.31160712,-0.59323347,-0.3717741
comp.graphics,-0.47520646,-0.3608752,0.07081547
sci.med,-0.22698869,0.59597504,1.1312766
rec.autos,-0.23630553,-0.48800176,-0.2526724
talk.politics.mideast,-0.019619554,0.918326,-0.18749468
comp.graphics,0.03247361,0.48306197,-0.14663476
comp.graphics,-0.36099702,-0.31630412,0.011289926
talk.politics.mideast,-0.024780046,0.9851465,-0.16332126
comp.graphics,-0.37655002,-0.34804696,0.037782744
comp.graphics,-0.99037445,-0.4943137,0.19003151
talk.politics.mideast,-0.00013542685,1.5449108,-0.43782556
comp.graphics,-0.31326964,-0.14853677,0.08843996
rec.autos,-0.10151839,-0.3259613,-0.117074236
sci.med,-0.065122664,0.38848385,0.32591623
comp.graphics,-0.6227778,-0.18112957,0.15245451
rec.autos,-0.19460273,-0.29998508,-0.18427129
sci.med,-0.053697426,0.19469403,0.42963716
rec.sport.baseball,1.2149892,-0.32713974,-0.056598864
sci.med,-0.10150688,0.10524596,0.26866466
comp.graphics,-0.16257708,0.19825307,0.17153987
comp.graphics,-0.4407561,-0.33756608,0.07628678
comp.graphics,-0.43379053,-0.31254047,0.08382258
rec.autos,-0.34322488,0.22372493,0.4011523
rec.sport.baseball,0.5396714,0.38741285,0.13758579
talk.politics.mideast,-0.004037658,1.5156919,-0.4187254
rec.sport.baseball,1.056679,-0.3215124,-0.05337713
sci.med,-0.8996224,0.15745988,0.5183832
sci.med,0.16498648,-0.050531417,0.17467685
sci.med,-0.094411105,0.45980075,0.2791221
sci.med,-0.026407842,0.36442867,0.27368325
rec.sport.baseball,0.19375364,-0.11968827,-0.043925986
talk.politics.mideast,0.09273696,0.6085486,-0.15240492
rec.sport.baseball,0.05070138,-0.052084524,-0.00619175
comp.graphics,-0.43322402,-0.3361829,0.076979175
sci.med,-0.37233832,0.5193321,0.37945232
comp.graphics,-0.41211772,-0.3806898,0.037990026
rec.autos,-0.17908162,-0.066241026,-0.2338753
talk.politics.mideast,-0.024360463,0.89767,-0.15182874
rec.autos,-0.5969764,-0.15576822,0.033718836
talk.politics.mideast,-0.021548333,0.12748724,-0.11340899
comp.graphics,-0.9459738,-0.030839946,0.39738563
rec.sport.baseball,1.1316644,-0.35886905,-0.07162238
rec.autos,-0.33184534,0.23072779,0.39194947
sci.med,-0.11135466,0.10485903,0.2551505
sci.med,-0.064348936,-0.24395098,0.019960076
comp.graphics,-0.19658008,-0.18866538,0.084522754
comp.graphics,-0.54486877,-0.36766198,0.09850897
rec.autos,-0.25095588,0.38197035,-0.35924107
rec.sport.baseball,0.27413052,-0.37098864,-0.15236308
rec.sport.baseball,1.2513194,-0.2865166,-0.024922881
sci.med,-0.06286309,0.2864592,0.47072744
talk.politics.mideast,0.012755383,1.0746527,-0.19149528
rec.sport.baseball,0.53523296,-0.18605903,-0.033821054
rec.autos,-0.108537555,-0.3275433,-0.2453373
rec.sport.baseball,0.5896715,-0.20619528,-0.04511805
talk.politics.mideast,0.0047610044,0.7834084,-0.16891493
comp.graphics,-0.60110074,-0.34820816,0.1203982
comp.graphics,-0.5373115,0.60887957,0.856756
sci.med,-0.08345834,0.2392077,0.43365815
rec.sport.baseball,0.55896723,-0.13688189,-0.14942333
sci.med,0.14044414,-0.1174128,0.13101906
comp.graphics,-0.45948005,-0.36780047,0.035762005
comp.graphics,-0.7030556,-0.4847125,0.094978504
talk.politics.mideast,0.0034564137,0.66264284,-0.12757099
rec.autos,-0.21258543,-0.34234193,-0.12526363
comp.graphics,-0.7334487,-0.47142586,0.1272489
talk.politics.mideast,-0.028173596,-0.1888891,0.016710024
talk.politics.mideast,-2.1227737e-05,0.63644314,-0.114293195
talk.politics.mideast,-0.028309826,0.8813299,-0.17568557
comp.graphics,-0.24287009,-0.30310476,0.000648713
rec.autos,-0.29362983,-0.5546549,-0.30252492
rec.sport.baseball,0.930001,0.19164874,0.12276177
rec.autos,-0.07012739,-0.29180866,-0.036677055
talk.politics.mideast,-0.025194086,0.98406607,-0.1834938
sci.med,-0.1628185,0.4489069,0.7966813
comp.graphics,-0.8191875,-0.5106172,0.13792095
talk.politics.mideast,-0.004833263,1.4712754,-0.39916292
talk.politics.mideast,-0.0050338483,0.7640085,-0.2277358
talk.politics.mideast,-0.02671966,1.1374718,-0.24029246
rec.autos,-0.15312968,-0.39951196,-0.2800738
rec.autos,-0.17623992,-0.39312184,-0.07054728
rec.autos,-0.08339357,-0.3297696,-0.1380508
sci.med,-0.062513955,0.38447952,0.7408465
comp.graphics,-0.12066767,-0.20238546,0.03072859
sci.med,-0.1262223,0.1261631,0.3279092
talk.politics.mideast,0.0063109864,1.3574711,-0.41736636
talk.politics.mideast,-0.04167273,0.7700211,-0.12502603
comp.graphics,-0.55077386,-0.36584854,0.037699826
rec.sport.baseball,1.097587,-0.34476036,-0.07966415
rec.autos,-0.28194204,-0.38487685,-0.1368644
sci.med,-0.07928873,0.29589012,0.14570329
rec.sport.baseball,0.67529386,-0.29948896,-0.075261764
rec.sport.baseball,1.4173552,-0.27413353,-0.023811286
comp.graphics,-0.17642756,-0.2888696,-0.0028013191
rec.sport.baseball,1.3334582,-0.3133976,-0.046944935
sci.med,-0.09155156,0.2500613,0.28988743
rec.sport.baseball,0.018028604,0.22147219,-0.16745585
comp.graphics,-0.35559833,-0.26911432,0.06071031
rec.autos,-0.086187676,-0.284397,-0.13800783
rec.autos,-0.1033819,-0.18251134,-0.12393959
comp.graphics,-0.41662425,-0.06519136,0.11698596
rec.sport.baseball,0.45282415,-0.42180607,-0.29570085
rec.autos,-0.06433769,-0.2754377,-0.049750853
comp.graphics,-0.47598475,-0.24812679,0.07814295
sci.med,-0.10038009,0.1769629,0.41956764
comp.graphics,-0.18272509,-0.07426018,0.030737815
rec.sport.baseball,0.28952226,-0.18457623,0.009820703
sci.med,-0.1225621,0.45344085,0.8253034
sci.med,-0.11904262,0.104260005,0.26130104
rec.autos,0.02355133,-0.24292466,-0.06803707
talk.politics.mideast,0.22615238,-0.31829637,-0.110136025
comp.graphics,-0.7220504,-0.4642531,0.123621464
rec.autos,0.19666258,-0.20229411,-0.052797
sci.med,-0.13898723,0.43957305,0.7482672
rec.autos,0.057745714,-0.20704986,0.05259419
talk.politics.mideast,0.17641903,-0.109000005,-0.15106106
talk.politics.mideast,-0.02052491,0.91345274,-0.17055608
sci.med,-0.095862724,0.27763373,0.51766896
comp.graphics,0.29616657,-0.36337256,-0.15181297
rec.autos,-0.013063872,-0.03918081,0.07748712
rec.sport.baseball,1.4715754,-0.28363094,-0.02431192
rec.autos,0.21872602,-0.30119678,-0.103241324
rec.sport.baseball,1.1087112,-0.3260423,-0.071905285
talk.politics.mideast,-0.028083999,1.2302074,-0.29534885
comp.graphics,-0.6663945,-0.36515644,0.113263845
talk.politics.mideast,-0.19912854,0.6800136,0.047000833
comp.graphics,-0.25800946,-0.30367327,0.024881998
comp.graphics,-0.68774384,-0.46634164,0.12073326
rec.sport.baseball,0.8997877,-0.22707133,-0.03307501
sci.med,-0.06830741,0.3005536,0.60656893
sci.med,-0.101626344,0.25488845,0.3868904
sci.med,-0.048088208,0.23488277,0.41618487
talk.politics.mideast,0.011011944,1.0322249,-0.1735355
rec.autos,-0.09186563,-0.45467532,-0.16381896
rec.autos,-0.1533063,0.061038584,-0.066772506
talk.politics.mideast,-0.106741354,0.15974207,-0.059729476
rec.autos,-0.028486947,-0.12506555,-0.1050649
rec.sport.baseball,1.0472136,-0.323821,-0.07000351
rec.sport.baseball,1.26578,-0.34595782,-0.05579233
talk.politics.mideast,0.03505317,0.4779927,-0.058143497
rec.autos,0.19191171,-0.2876993,-0.11723678
rec.sport.baseball,0.91024613,-0.35298797,-0.082551084
rec.sport.baseball,0.46769014,-0.3658296,-0.1475061
talk.politics.mideast,-0.012063088,1.3082204,-0.34312573
talk.politics.mideast,-0.08295596,0.84479237,-0.03881843
sci.med,-0.025551032,0.21189421,0.11904303
talk.politics.mideast,-0.009964758,1.4862499,-0.40133157
sci.med,-0.11160459,0.10658451,0.26723698
sci.med,-0.1136547,0.44650128,0.81216264
sci.med,-0.12480712,0.07520638,0.28457034
rec.autos,-0.064258814,-0.2670027,-0.025415095
sci.med,-0.113909855,0.24823353,0.41957757
rec.autos,0.27630898,0.6878488,-0.15008257
comp.graphics,-0.71966267,-0.45372653,0.12437907
comp.graphics,-0.3009651,-0.41856092,0.024104394
sci.med,0.00067454565,0.32771754,0.5129607
talk.politics.mideast,0.64876765,2.2148592,-1.0832314
rec.autos,0.01480246,-0.029194243,0.10091781
talk.politics.mideast,-0.00048425744,1.6098119,-0.4650311
talk.politics.mideast,-0.0072674993,1.1786593,-0.31094274
talk.politics.mideast,-0.10405344,1.9459572,-0.4529643
talk.politics.mideast,0.011062246,1.0287993,-0.17176402
rec.autos,-0.08345075,-0.32698005,-0.1433376
comp.graphics,-0.46455973,-0.2663968,0.049081914
rec.autos,-0.06505701,-0.27858633,-0.035277512
sci.med,-0.17570098,0.0901462,0.064257
comp.graphics,-0.5336299,0.6339799,0.85943264
rec.sport.baseball,0.2774098,-0.34176895,-0.13183516
comp.graphics,-0.035601366,-0.26232204,-0.07953564
sci.med,-0.014120551,0.01244021,0.1534201
rec.autos,-0.08925962,-0.41709286,-0.25905195
sci.med,-0.122144796,0.21996917,0.46136418
rec.sport.baseball,1.1984639,-0.35440397,-0.07462137
rec.sport.baseball,0.19292696,-0.085999474,0.03494098
rec.sport.baseball,0.014139708,0.24102089,-0.16517138
comp.graphics,-0.025799716,-0.33101818,-0.0313657
talk.politics.mideast,-0.02476146,1.1016605,-0.21504824
sci.med,-6.533288,0.7660075,-0.6220219
talk.politics.mideast,-0.20352769,-0.17345548,0.032519843
sci.med,-0.06273953,0.40965936,0.7720985
sci.med,-0.05286524,0.23201269,0.46112046
comp.graphics,-0.46605858,-0.36453608,0.04808117
sci.med,-0.15123792,0.23456907,0.36349472
comp.graphics,-0.5210659,-0.27441204,0.17795719
rec.autos,0.034163326,-0.21950558,-0.024502195
rec.sport.baseball,0.912026,-0.24712804,-0.03735056
rec.autos,0.14212495,-0.31623957,-0.064102136
talk.politics.mideast,-0.0018468421,1.5162029,-0.417492
rec.sport.baseball,1.0306481,-0.33202416,-0.073238984
comp.graphics,0.17531548,-0.32894197,-0.042225737
sci.med,-0.02726996,0.2133547,0.48875326
rec.sport.baseball,1.0863407,-0.30200234,-0.042865973
sci.med,0.23739934,-0.32900673,-0.11670025
rec.sport.baseball,1.1886336,-0.32702774,-0.053140342
rec.sport.baseball,0.8260891,-0.2619503,-0.041664522
rec.autos,-0.21504046,-0.44513184,-0.24610738
comp.graphics,-0.23439433,-0.334907,-0.03754963
sci.med,-0.005239286,-0.17319836,0.08773475
sci.med,-0.01678479,-0.22878076,-0.03737534
talk.politics.mideast,0.01379443,1.6145335,-0.48359263
rec.sport.baseball,0.87342256,-0.3144289,-0.06923575
rec.sport.baseball,0.26274252,-0.3443473,-0.09042699
comp.graphics,-0.553455,0.64664656,0.8834748
rec.autos,-0.102963574,-0.14653762,-0.13371415
talk.politics.mideast,0.007091008,0.63696903,-0.1363493
talk.politics.mideast,-0.04774616,1.1284752,-0.18190223
rec.autos,-0.19828832,-0.33948663,-0.12162575
sci.med,-0.13639204,0.4522872,0.8307412
comp.graphics,0.035084624,-0.14027399,-0.012874603
talk.politics.mideast,-0.011828692,0.7928171,-0.26351413
rec.sport.baseball,1.0666921,-0.3473713,-0.07277153
rec.autos,-0.60942847,-1.5868964,-0.8741809
talk.politics.mideast,-0.013046567,0.84384775,-0.20430233
comp.graphics,-0.5041642,-0.08959573,0.08373278
talk.politics.mideast,-0.04796381,1.2942791,-0.27949822
rec.autos,-0.11698488,-0.124746904,0.02593265
rec.sport.baseball,0.69292444,-0.24607375,-0.049474817
talk.politics.mideast,-0.1264231,1.0632559,-0.05175052
sci.med,-0.09280628,0.33848402,0.5739217
sci.med,-0.06391951,0.18790545,0.32958424
sci.med,-0.075213775,-0.14127392,0.09576386
sci.med,-0.21749271,0.40914452,0.79158163
rec.autos,-0.18620157,-0.5074649,-0.30517775
comp.graphics,0.11861429,-0.3542328,-0.044589207
rec.sport.baseball,1.2856559,-0.33055824,-0.052487552
rec.sport.baseball,1.1376055,-0.35936686,-0.07363363
talk.politics.mideast,-0.034541972,1.1794878,-0.22939709
sci.med,-0.05004327,0.23253968,0.4309683
talk.politics.mideast,-0.10266829,1.9339327,-0.45016092
rec.sport.baseball,0.22855434,-0.033723004,-0.03802847
talk.politics.mideast,0.005805311,0.64855003,-0.10649266
talk.politics.mideast,0.006077509,1.2593349,-0.35610133
rec.sport.baseball,1.3281616,-0.3044301,-0.045967422
comp.graphics,-0.3897721,-0.29139587,0.06787752
comp.graphics,-0.8729009,-0.41121814,0.17737721
rec.sport.baseball,0.4367278,-0.2445856,-0.02804768
rec.sport.baseball,1.0969441,-0.34832674,-0.07066786
sci.med,-0.61598516,-0.42880985,0.14156212
comp.graphics,-1.3631696,-0.6725644,0.25956902
rec.sport.baseball,0.5221023,-0.3144525,-0.11493236
talk.politics.mideast,-0.013126118,1.2550564,-0.3246562
rec.autos,-0.31767866,-0.60106206,-0.37899852
rec.sport.baseball,0.48439935,-0.2351463,-0.060269687
comp.graphics,-0.43864816,-0.31300262,0.07304744
rec.sport.baseball,0.87563735,-0.28409755,-0.057360344
rec.sport.baseball,0.8038558,-0.2748072,-0.037311256
rec.sport.baseball,1.3902014,-0.2615358,-0.02037145
sci.med,-0.22256388,0.029119384,0.2675814
talk.politics.mideast,-0.0008842131,1.7182261,-0.4902393
rec.sport.baseball,0.27512568,-0.13539985,0.0043759895
comp.graphics,-0.787522,-0.22002648,0.18329443
sci.med,-0.10272145,-0.064724505,0.12783308
rec.sport.baseball,1.0217128,-0.25690088,-0.05649496
comp.graphics,-0.20258728,-0.3996773,0.0027665407
talk.politics.mideast,-0.01774167,0.62285423,-0.12732087
talk.politics.mideast,0.0033885136,0.6503998,-0.14072546
rec.sport.baseball,0.9669497,-0.3209195,-0.071366616
comp.graphics,-0.50707906,-0.3971945,0.07160282
talk.politics.mideast,0.0061213938,1.608483,-0.4859216
comp.graphics,-0.5427305,-0.38190946,0.07553466
rec.autos,-0.27185136,-0.41787055,-0.2425267
rec.sport.baseball,0.5863115,-0.17908394,-0.033407934
rec.sport.baseball,0.9093411,-0.29348406,-0.042920813
rec.sport.baseball,0.99897575,-0.32340884,-0.060334627
rec.autos,-0.3891752,-0.29599053,-0.047371678
talk.politics.mideast,0.17781831,-0.08098962,-0.07880529
talk.politics.mideast,0.029815616,1.1333137,-0.3661661
sci.med,-0.06498415,0.415423,0.12144173
sci.med,0.098132335,-0.09842516,0.06453847
talk.politics.mideast,0.008084016,1.7829386,-0.51299363
sci.med,-0.08035713,0.3110543,0.54090744
talk.politics.mideast,-0.021904966,1.2744528,-0.2816364
rec.autos,-0.32249254,-0.74786174,-0.52713925
rec.sport.baseball,1.1525706,-0.36468238,-0.057048336
rec.sport.baseball,0.89329016,-0.21529439,-0.06316539
rec.autos,-0.1474115,-0.35847932,-0.1530394
comp.graphics,-0.33957836,-0.05209155,0.1705353
rec.autos,0.12562904,-0.30282888,-0.102371365
sci.med,-0.41675535,0.02575301,0.14012691
talk.politics.mideast,0.008708651,1.640527,-0.48370558
sci.med,-0.18697952,0.6766891,1.2803913
talk.politics.mideast,-0.026781658,1.0853397,-0.23689584
sci.med,-0.063786596,0.08647775,0.14044933
sci.med,-0.120583884,0.027683996,0.2406725
comp.graphics,-0.33115858,-0.30212918,0.0046076374
sci.med,-0.122044526,0.48068142,0.59286475
rec.sport.baseball,0.23593341,-0.34157738,-0.11808916
talk.politics.mideast,-0.0017611654,1.5674211,-0.44288218
sci.med,-0.1780463,-0.32687485,-0.107930146
rec.sport.baseball,0.87539667,-0.30376205,-0.060936045
comp.graphics,-0.5864003,-0.4233467,0.09739242
comp.graphics,-0.34794217,-0.28117198,0.058712814
rec.autos,0.23468134,-0.32371306,-0.120502025
rec.autos,-0.324734,-0.29839885,-0.034915984
rec.sport.baseball,0.6621949,-0.32617658,-0.051981013
rec.sport.baseball,0.44839874,-0.3305549,-0.07886654
rec.sport.baseball,0.28783146,-0.11953386,0.0031756426
rec.autos,0.117855504,-0.3554325,-0.14175664
talk.politics.mideast,0.05520633,0.45471987,-0.10646942
rec.sport.baseball,1.1165073,-0.3115722,-0.06321521
rec.autos,-0.3387936,-0.5382136,-0.32930005
comp.graphics,-0.39283535,-0.36849427,-0.010661346
comp.graphics,0.15756996,-0.23110507,-0.02234442
talk.politics.mideast,0.00013027061,0.6702867,-0.124064155
rec.sport.baseball,0.6154165,0.33910522,0.16353187
rec.autos,-0.20144299,-0.27716357,-0.17585851
rec.autos,-0.028262528,-0.27068678,-0.06475351
comp.graphics,-0.29498526,-0.12347337,0.04769091
comp.graphics,0.09720108,-0.32670158,-0.062425647
rec.autos,-0.1322328,-0.44277945,-0.19394407
rec.autos,0.01627794,-0.29040343,-0.059578806
comp.graphics,-0.14410597,-0.1381018,0.045909174
rec.autos,0.1228317,-0.11633341,0.066539794
sci.med,-0.13483463,0.4244621,0.76508003
rec.autos,0.122595325,0.58250135,-0.14628784
rec.autos,0.5878437,-0.21938643,-0.05485231
rec.autos,-0.12322244,-0.34251264,-0.1784509
rec.autos,0.17835079,-0.29507765,-0.11558248
sci.med,0.17664501,-0.26966164,-0.09361714
sci.med,0.14735135,-0.20464776,0.00900115
rec.autos,-0.2103934,-0.4583124,-0.31066278
comp.graphics,-0.9683876,-0.034544036,0.39989555
sci.med,-0.13390557,0.10178728,0.2563093
talk.politics.mideast,0.23170893,-0.28792897,-0.113278314
sci.med,-0.10401626,0.32052505,0.5687275
rec.autos,0.015384494,-0.28416145,-0.15690774
comp.graphics,-0.23413125,-0.24283828,0.043786865
comp.graphics,-0.6738695,-0.38729587,0.112266004
sci.med,-0.21311781,0.4050936,0.78966326
rec.autos,-0.4333058,-0.5873685,-1.0500838
rec.autos,-0.26395726,-0.5702257,-0.295956
sci.med,-0.27301958,0.42592332,0.84170556
rec.sport.baseball,0.08183078,-0.05409914,-0.020846521
sci.med,-0.14002809,0.12651005,0.34097368
rec.autos,0.056369178,-0.25980723,-0.080850884
rec.autos,-0.28987327,-0.4971345,-0.2805128
comp.graphics,-0.4185469,-0.30555198,0.08694187
talk.politics.mideast,-0.10407791,0.2991539,-0.027651638
talk.politics.mideast,-0.021945613,1.1305761,-0.25189954
comp.graphics,-0.40784493,-0.34019616,0.06520325
rec.sport.baseball,0.7658603,-0.23779976,-0.12409706
rec.sport.baseball,0.4258216,-0.2010079,-0.080505274
rec.sport.baseball,0.81963074,-0.303227,-0.073545754
talk.politics.mideast,0.0064358194,1.4548155,-0.43786362
rec.sport.baseball,0.9084564,0.03155512,0.06172517
comp.graphics,-0.6714624,-0.25822592,0.15389718
rec.sport.baseball,0.63826656,-0.24425812,-0.06673249
talk.politics.mideast,-0.043974895,0.85622144,-0.12554044
rec.autos,-0.3656194,-0.64867026,-0.4669437
sci.med,-0.2533458,0.6885109,0.9763485
talk.politics.mideast,-0.0070475563,1.185397,-0.3132592
rec.autos,-0.045726575,-0.42529583,-0.1624329
comp.graphics,0.99425983,0.13446282,-1.818532
talk.politics.mideast,-0.0009955319,1.4121573,-0.37994313
rec.autos,-0.08547904,-0.28738087,-0.10022889
rec.autos,-0.28069288,-0.47254193,-0.30265218
rec.autos,-0.27998942,-0.44348553,-0.17274213
sci.med,-0.05194324,0.2384316,0.41251683
rec.autos,-0.5048499,-0.46082065,-0.011628891
sci.med,-0.019856187,0.14782406,0.41107774
rec.autos,-0.11350531,-0.2524674,-0.11582235
rec.sport.baseball,0.41326004,-0.23615594,-0.08215936
talk.politics.mideast,-0.14922631,1.7855638,-0.31982362
talk.politics.mideast,0.37194374,-0.40981013,-0.21390067
sci.med,-0.18988806,-0.049309276,0.17326728
rec.autos,-0.053422492,-0.40612805,-0.1650946
talk.politics.mideast,-0.011216037,1.4564751,-0.39563644
sci.med,-0.027005775,-0.1140413,0.045447927
rec.sport.baseball,0.64513004,0.30845985,0.16323674
comp.graphics,-0.08196972,-0.0018860966,0.22299133
rec.sport.baseball,0.99760133,0.13914509,-1.8193599
talk.politics.mideast,-0.0011993526,1.5958432,-0.45649707
comp.graphics,-0.3571937,-0.27839878,0.06485538
rec.autos,-0.30513865,-0.58295256,-0.346619
rec.autos,-0.5808857,-0.1532638,0.037220895
sci.med,-0.14280634,0.44332334,0.8319726
rec.sport.baseball,0.8275693,-0.31026843,-0.06588128
sci.med,-0.14827277,0.08163142,0.030953418
talk.politics.mideast,-0.013781098,1.0261458,-0.21982631
sci.med,-0.06381789,0.32400125,0.44710007
comp.graphics,-0.29612312,-0.18255043,0.070838064
comp.graphics,-0.3942791,-0.33683425,0.04462995
rec.autos,-0.2413094,-0.5288831,-0.24131495
rec.autos,-0.34522584,-0.5479418,-0.33779076
rec.sport.baseball,0.8294132,-0.29857352,-0.062467374
sci.med,-0.06144923,0.4034319,0.76297516
rec.sport.baseball,0.9926183,-0.35307652,-0.081488624
rec.sport.baseball,0.3358392,0.31033698,0.18241853
rec.autos,-0.20747514,-0.45353532,-0.28313798
comp.graphics,-0.25279734,-0.4498863,0.009749284
talk.politics.mideast,0.105854735,0.2923289,-0.097982936
talk.politics.mideast,0.010980527,0.8231685,-0.15715204
comp.graphics,-0.039916284,-0.07690355,0.041610353
rec.autos,-0.07122889,-0.27933463,-0.07076401
rec.sport.baseball,0.52581036,-0.31539428,-0.11445068
sci.med,-0.08994624,0.14787474,0.33687833
comp.graphics,-0.6848058,-0.4587287,0.103855535
talk.politics.mideast,-0.0037893448,1.5133609,-0.41264814
talk.politics.mideast,-0.0017102633,1.671836,-0.47424135
rec.sport.baseball,0.4038748,-0.22248064,-0.06168113
sci.med,0.04984389,0.032060493,-0.061845932
talk.politics.mideast,-0.0037398424,1.6812125,-0.4765679
talk.politics.mideast,-0.019522432,1.1003162,-0.24666327
sci.med,-0.03634774,0.21117379,0.25823337
talk.politics.mideast,0.003667664,0.6399542,-0.1188076
talk.politics.mideast,-0.007246212,1.5660278,-0.43122622
talk.politics.mideast,-0.0002306722,0.6283094,-0.11247245
comp.graphics,-0.40586716,-0.19121441,0.035960577
comp.graphics,-0.30185977,0.008040485,0.090246245
rec.autos,-0.07013176,-0.2745463,-0.019217294
rec.autos,0.27008307,-0.18997459,-0.052842952
rec.autos,-0.013276817,-0.18532428,-0.065339714
rec.sport.baseball,0.421375,-0.20940612,-0.06443368
comp.graphics,-0.5243188,-0.3847347,0.077003956
talk.politics.mideast,-0.030320039,1.1017755,-0.24165843
rec.sport.baseball,0.35849592,-0.24196863,0.013480762
sci.med,-0.14314386,0.45223567,0.81592894
rec.autos,0.0030672692,-0.30394012,-0.27446148
sci.med,-0.021422364,0.2944206,0.24668781
rec.sport.baseball,0.7999881,-0.29547182,-0.0731848
rec.autos,-0.17363533,-0.477142,-0.25229526
sci.med,-0.0712243,0.43076327,0.5677257
talk.politics.mideast,-0.057560366,0.084688954,-0.017997345
rec.autos,-0.2012377,-0.3525719,-0.17027333
rec.autos,0.095896326,6.473078,1.9928586
rec.autos,0.1346041,-0.17686851,-0.06616825
talk.politics.mideast,-0.019041428,0.5095212,-0.13072336
sci.med,-0.14278767,0.45254555,0.82066834
rec.sport.baseball,0.7725755,-0.2779446,-0.077950075
sci.med,-0.068311185,0.097313255,0.30605856
comp.graphics,-0.3488725,-0.3663478,0.06259288
comp.graphics,-0.3218021,-0.32282233,0.04118202
sci.med,0.0035139932,0.38686582,0.23313244
rec.sport.baseball,0.033661935,-0.2521204,-0.038901936
sci.med,-0.08934402,0.31772366,0.4886465
talk.politics.mideast,0.0052826386,0.4480653,-0.056266416
sci.med,-0.16456214,0.3521388,0.46573576
comp.graphics,-0.21854252,-0.17832564,0.023049265
sci.med,0.14623083,-0.29749274,-0.10257217
rec.autos,-0.30973205,-0.7356853,-0.51054114
talk.politics.mideast,-0.021373361,1.0620186,-0.18543929
rec.autos,-0.068893746,-0.25839174,-0.11382434
talk.politics.mideast,0.051971752,0.43283972,0.03367496
rec.sport.baseball,1.0028025,-0.32440364,-0.06262783
talk.politics.mideast,0.005413181,1.5365698,-0.4600268
rec.autos,-0.117606856,-0.352426,-0.15306473
rec.autos,-0.20729323,-0.48537615,-0.37167853
rec.autos,-0.16540526,-0.24692254,-0.048965115
comp.graphics,-0.7274389,-0.13739842,0.18740922
rec.sport.baseball,0.56830364,-0.2822758,-0.06585299
comp.graphics,-0.12307356,-0.20732759,0.03418573
rec.sport.baseball,0.8187083,-0.20961002,-0.03100385
comp.graphics,0.99597347,0.13459566,-1.8119727
rec.sport.baseball,0.6086017,-0.2445812,-0.051525023
rec.autos,0.016341891,-0.08526427,0.036461636
sci.med,-0.15089671,0.404902,0.69933593
talk.politics.mideast,-0.02217945,1.0144249,-0.21326804
rec.sport.baseball,0.21466357,-0.35129938,-0.09621239
comp.graphics,-0.13889253,0.14222778,0.004800446
rec.autos,-0.13150854,-0.30015758,-0.41054398
comp.graphics,-0.0073432876,-0.04210023,0.08130181
sci.med,-0.09976731,-0.15836564,0.08053142
rec.autos,0.029564135,-0.05324883,0.08349803
rec.sport.baseball,0.43454736,-0.28113556,-0.051749036
rec.sport.baseball,1.4617635,-0.27651143,-0.021928664
talk.politics.mideast,-0.013382336,0.7567154,-0.1614461
rec.autos,-0.22986753,-0.5894649,-0.38921636
talk.politics.mideast,0.010870276,1.1565788,-0.31454143
rec.sport.baseball,0.26202047,0.01942702,-0.066562235
talk.politics.mideast,0.036002092,0.63836765,-0.028243873
comp.graphics,-0.35957965,-0.37647077,0.04588081
rec.sport.baseball,0.9490198,-0.3313072,-0.073042355
sci.med,-0.490995,0.4545157,0.63084847
rec.autos,-0.20068984,-0.393715,-0.24177141
rec.autos,-0.009567563,-0.3324036,-0.30291763
sci.med,-0.027536891,0.063291654,0.33594432
comp.graphics,0.09887224,0.3863086,-0.14788063
rec.autos,-0.5031786,-0.41691637,0.035164203
talk.politics.mideast,0.017691163,0.477932,-0.05836665
comp.graphics,-0.5975556,-0.27789158,0.1310854
rec.autos,0.16246864,-0.33274955,-0.108118705
rec.autos,-0.22047378,-0.25643015,-0.021457033
rec.autos,-0.5713358,-0.1487281,0.0354983
comp.graphics,0.14000362,-0.35130602,-0.074644536
talk.politics.mideast,0.022425443,0.9472934,-0.15011214
rec.autos,-0.2389745,-0.43074453,-0.22476688
talk.politics.mideast,-0.059367258,0.5491909,-0.03724159
talk.politics.mideast,-0.017326357,0.9707883,-0.20275952
sci.med,-0.18924135,0.74558,1.4120857
comp.graphics,-0.150312,-0.37862912,-0.010649401
rec.autos,0.24322052,0.07185223,-0.06742315
talk.politics.mideast,0.0052500376,1.5945245,-0.47730047
rec.autos,-0.07318896,-0.36834562,-0.13409196
talk.politics.mideast,-0.033087287,1.1021943,-0.18408382
sci.med,0.10215656,-0.15444356,-0.0493639
rec.autos,0.2964478,-0.31687367,-0.11477163
rec.sport.baseball,0.6393198,-0.23957348,-0.05517695
talk.politics.mideast,-0.022944873,1.3420875,-0.34488156
rec.sport.baseball,0.20700383,-0.22900644,-0.09725487
comp.graphics,-0.20779559,-0.18042248,0.055441845
rec.autos,-0.15961188,-0.26531646,-0.051185675
comp.graphics,-0.6205717,-0.3654651,0.106944
sci.med,-0.13125159,0.08351076,0.3685483
talk.politics.mideast,-0.007249959,0.9273659,-0.15235786
sci.med,-0.095537074,0.2769135,0.48683488
rec.sport.baseball,2.8608506,0.38698843,-2.578061
rec.autos,-0.319961,-0.4279668,-0.1806547
comp.graphics,-0.5522604,-0.38519567,0.08377425
rec.sport.baseball,0.92886853,-0.31785837,-0.0598251
talk.politics.mideast,-0.0044026086,1.5801632,-0.43465626
rec.sport.baseball,1.2790287,-0.28950948,-0.04099054
sci.med,-0.102001235,0.48774853,0.18648632
rec.autos,-0.23243289,-0.40970215,-0.20966132
comp.graphics,-0.3088416,-0.3372812,0.010886971
rec.sport.baseball,0.3063585,-0.360637,-0.13079894
rec.sport.baseball,1.2538433,-0.34825704,-0.057411753
rec.autos,-0.10501877,-0.30918074,-0.23943374
talk.politics.mideast,0.055338267,0.27432665,-0.071896456
talk.politics.mideast,-0.027337786,1.1379379,-0.22188923
rec.sport.baseball,0.74328417,-0.16080226,0.019232893
sci.med,0.08721886,0.10132074,-0.014803054
rec.autos,-0.29006124,-0.4895128,-0.29829895
comp.graphics,-0.8108127,-0.534914,0.11419235
comp.graphics,-0.43006274,-0.20541857,0.106394514
rec.autos,-0.30090207,-0.47579747,-0.2552484
talk.politics.mideast,0.01505717,-0.0090865735,0.006992612
rec.sport.baseball,0.7597503,-0.28009152,-0.0639098
rec.sport.baseball,1.0172961,-0.29073256,-0.052462455
comp.graphics,-0.9365513,-0.017503262,0.4041438
comp.graphics,-0.51682574,-0.2281022,0.048274186
talk.politics.mideast,-0.042587273,1.0830822,-0.17164913
comp.graphics,0.1864644,-0.29431802,-0.08652043
comp.graphics,-0.39888868,-0.34130338,0.06684311
rec.autos,0.47000128,-0.31744245,-0.044394653
rec.sport.baseball,0.6798137,-0.22729616,-0.015875125
sci.med,0.37854528,-0.42036915,-0.26664248
talk.politics.mideast,-0.043493565,0.39222902,0.024410855
talk.politics.mideast,0.21478765,2.8079667,-0.5823249
comp.graphics,-0.61051005,-0.1871207,0.15007749
sci.med,-0.0576968,0.21801421,0.36567557
rec.autos,-0.1314396,-0.38989884,-0.2312567
comp.graphics,-0.29986838,-0.1604605,-0.014623499
rec.autos,-0.17868489,-0.1716532,-0.12877235
talk.politics.mideast,0.1362227,1.2587192,-0.49229738
rec.autos,-0.09270205,-0.15461592,-0.07158853
rec.sport.baseball,1.4100398,-0.35803223,-0.055314768
rec.sport.baseball,0.7594778,-0.2837798,-0.069012605
comp.graphics,-0.36351198,-0.41757348,-0.0523343
comp.graphics,-0.49288824,-0.4093021,0.0782893
talk.politics.mideast,-0.024075488,0.9217308,-0.16494092
sci.med,-0.0879326,0.33295178,0.5883314
rec.sport.baseball,1.0215019,-0.32956076,-0.0758802
sci.med,-0.00405714,0.15251361,0.30873227
talk.politics.mideast,-0.101415284,1.9210159,-0.4470465
talk.politics.mideast,-0.011554586,1.0652075,-0.17800023
talk.politics.mideast,-0.0023189362,1.6842712,-0.47927487
comp.graphics,-0.09184048,-0.34291622,-0.04049048
talk.politics.mideast,-0.0008384027,1.4020643,-0.37713772
rec.autos,-0.22122785,-0.36702365,-0.20598789
rec.autos,-0.014748489,-0.42453894,-0.15616015
rec.autos,-0.11267154,-0.3392285,-0.26507404
talk.politics.mideast,-0.01877501,1.2146926,-0.2472331
sci.med,-0.08889928,0.3249278,0.5815527
talk.politics.mideast,0.01309684,1.610831,-0.48265785
rec.sport.baseball,1.141647,-0.3218844,-0.04785361
sci.med,-0.14788191,0.38803807,0.4589948
rec.sport.baseball,0.19664091,-0.10486689,0.012923878
sci.med,-0.11041732,0.24068846,0.47497925
rec.sport.baseball,0.9519158,-0.323213,-0.057706255
rec.autos,-0.11920703,-0.23118299,-0.04000878
comp.graphics,-0.5819785,-0.4160661,0.09979107
sci.med,0.2812588,-0.28287578,-0.027020384
sci.med,-0.07061964,-0.09820656,0.10194
rec.autos,-0.027487896,-0.47285798,-0.16265221
rec.autos,-0.15205838,-0.0012026876,-0.06338324
rec.autos,-0.2017238,-0.3571207,-0.24337904
sci.med,-0.14060791,0.23123853,0.44038507
rec.autos,-0.13231856,0.090349555,0.21019816
sci.med,0.16200487,-0.21122585,-0.076942034
talk.politics.mideast,0.16822541,-0.26121894,-0.050838914
talk.politics.mideast,-0.00778273,0.61327106,-0.14009683
talk.politics.mideast,0.0012822982,0.9750282,-0.17106725
sci.med,-0.25019065,0.6795243,0.96003866
sci.med,-0.07933644,0.20472711,0.34313503
sci.med,0.42465335,-0.14977607,0.0114226015
sci.med,-0.08901201,0.4385413,0.2765614
rec.sport.baseball,0.71592987,-0.2680953,-0.07700047
rec.autos,-0.27549666,-0.44306836,-0.26318225
rec.autos,-0.08782058,0.55073285,-0.15255053
comp.graphics,-0.20805833,-0.0033658894,0.15249334
rec.autos,0.012758249,-0.27832794,-0.059173584
sci.med,0.0102389315,0.1274119,0.31896845
comp.graphics,-0.3867562,-0.3460247,0.04005581
comp.graphics,-0.80365366,-0.5292182,0.11316135
rec.sport.baseball,1.0919335,-0.32279617,-0.0646549
rec.sport.baseball,0.51210356,-0.24130759,-0.04311951
talk.politics.mideast,-0.018706463,1.014361,-0.20462233
sci.med,-0.0043896637,-0.023428144,0.11500184
comp.graphics,-0.65981895,-0.20270567,0.1757271
rec.autos,-0.1297048,-0.29207227,-0.37729177
sci.med,0.0426429,0.05821153,0.2340936
talk.politics.mideast,-0.020739567,1.007126,-0.17936282
sci.med,-0.43724933,-0.33224306,0.07643173
comp.graphics,-0.23424985,-0.20630468,0.03626139
sci.med,0.039260533,-0.086475715,0.13639222
rec.sport.baseball,0.0485027,0.4557409,-0.13238579
comp.graphics,-0.50214744,0.60844135,0.8139937
rec.sport.baseball,0.37966266,-0.05296165,-0.122853026
rec.autos,-0.06889665,0.38274267,-0.53607917
rec.sport.baseball,0.8242886,-0.3141272,-0.065977536
rec.autos,-0.09070204,-0.2847781,-0.1598268
rec.sport.baseball,0.93319404,-0.300585,-0.06394156
comp.graphics,-44.326916,-116.62473,17.355421
rec.autos,0.015779572,-0.28874812,-0.059674807
talk.politics.mideast,0.022536838,1.2123901,-0.36222854
talk.politics.mideast,-0.022724893,1.1882216,-0.23757584
rec.sport.baseball,0.070741154,0.1994083,0.2158973
rec.autos,0.16871725,-0.25944212,-0.10072813
rec.autos,-0.26282632,-0.39925173,-0.2736429
sci.med,-0.1045825,0.08933973,0.2735745
comp.graphics,0.016645236,-0.31032097,-0.026573012
comp.graphics,-0.37669277,-0.15134262,0.2225463
comp.graphics,-0.47459576,-0.3719016,0.071451254
rec.autos,0.17758036,-0.26290727,-0.07997556
talk.politics.mideast,-0.01118501,1.2614969,-0.313904
sci.med,-0.12462053,0.51333827,0.56678045
rec.sport.baseball,-0.040615905,-0.12456022,-0.06435621
talk.politics.mideast,-0.03319172,1.0060886,-0.20316614
rec.sport.baseball,0.9016014,-0.3171829,-0.07436507
rec.sport.baseball,0.52419883,-0.26848596,-0.060337372
sci.med,-0.35423923,-0.37029225,0.019143056
rec.autos,-0.11430514,-0.38255867,-0.16654205
rec.autos,0.11841925,0.6340271,-0.15933505
sci.med,-0.4921519,0.44940642,0.6186573
rec.sport.baseball,1.2139751,-0.33698225,-0.06080847
sci.med,-0.0053800843,0.21593392,0.46604872
sci.med,-0.18868111,0.7456271,1.4131179
rec.autos,-0.17854856,-0.075375594,-0.16047287
comp.graphics,-0.3843837,-0.32206896,0.045170624
rec.autos,-0.12605678,-0.31676754,-0.17658912
rec.sport.baseball,0.8336428,-0.27075234,-0.061703417
rec.sport.baseball,0.382823,-0.34209892,-0.13671848
rec.autos,-0.10063044,-0.30704296,-0.16049694
rec.autos,-0.09705126,-0.31915352,-0.13903485
rec.autos,-0.23798439,-0.35281867,-0.16733608
rec.autos,-0.3377835,-0.5356172,-0.25019222
sci.med,-0.37369812,-0.32725027,0.05266377
rec.sport.baseball,0.5751342,-0.33868244,-0.12133159
talk.politics.mideast,-0.025526604,0.94343877,-0.16656642
rec.autos,3.603603,5.7392316,-0.26079342
rec.sport.baseball,0.11103015,-0.035117466,-0.043063138
sci.med,0.0753247,0.026354367,0.16950089
talk.politics.mideast,0.051965594,0.6189375,-0.10675345
sci.med,-0.4771367,-0.3545388,0.085350044
talk.politics.mideast,-0.019210959,0.8705061,-0.18137099
sci.med,-0.026907915,0.036604162,0.18884791
sci.med,-0.19164556,0.35619977,0.2197619
rec.sport.baseball,0.93545467,-0.27858406,-0.054251116
talk.politics.mideast,0.0072429096,1.1568737,-0.31324354
rec.autos,-0.251478,-0.3625712,-0.108587645
rec.sport.baseball,0.95104307,-0.300741,-0.060411558
comp.graphics,-0.45678803,-0.37531587,0.06903897
talk.politics.mideast,-0.017927628,0.7663649,-0.14092195
rec.sport.baseball,0.7268372,-0.22480536,-0.064344235
comp.graphics,-0.13770448,-0.2864459,0.031093985
rec.autos,-0.39214477,-0.5315695,-0.9438581
talk.politics.mideast,0.15341991,-0.30226207,-0.08285108
sci.med,-0.17501104,0.2526262,0.32609707
comp.graphics,-0.38066658,-0.15985654,0.07631285
rec.autos,0.083281144,-0.2660466,-0.10347461
comp.graphics,-0.35228172,-0.31122294,0.05962895
rec.sport.baseball,0.54335624,-0.2737623,-0.051857743
talk.politics.mideast,-0.09424359,1.8470794,-0.42717013
sci.med,-0.042103816,-0.08265125,0.066992685
talk.politics.mideast,-0.015136345,0.936102,-0.19123253
rec.autos,-0.11453564,-0.27263322,-0.067945436
sci.med,0.054244347,-0.0102040395,0.11956623
sci.med,-0.18594669,0.6987585,1.3201274
comp.graphics,-0.37477434,-0.1528578,0.13182616
talk.politics.mideast,0.022007372,0.9069572,-0.13476834
talk.politics.mideast,-0.012908522,0.96131873,-0.18896313
talk.politics.mideast,0.13888143,1.2645117,-0.49490133
comp.graphics,0.25304472,-0.24630426,-0.10685402
rec.sport.baseball,0.28964102,-0.02497161,-0.0501727
rec.sport.baseball,1.112739,-0.30936882,-0.056211837
rec.sport.baseball,0.7867231,-0.25481468,-0.052649498
sci.med,-0.18946767,0.74243337,1.406289
comp.graphics,-0.66605103,-0.42382163,0.08327793
comp.graphics,-0.5093219,-0.40080723,0.08180851
rec.autos,0.16844885,-0.31584695,-0.04820508
sci.med,0.09542008,-0.10917973,0.08942391
rec.sport.baseball,0.38795394,-0.21646988,-0.06577743
rec.autos,-0.060974307,-0.17513008,-0.007526554
sci.med,0.02424818,0.19690701,0.31111932
talk.politics.mideast,-0.05141608,1.2076064,-0.2506998
sci.med,-0.19675058,0.3214591,0.2047686
talk.politics.mideast,-0.020618109,0.96928716,-0.18773904
comp.graphics,-0.30186474,-0.4388087,0.020347074
rec.sport.baseball,-0.1163924,-0.25169772,-0.029648827
sci.med,-0.13515034,0.37613338,0.44525844
sci.med,-0.23082902,0.61091954,0.8716379
talk.politics.mideast,-0.0041955025,1.6799456,-0.4755388
rec.autos,0.26372987,-0.24868368,-0.10115649
talk.politics.mideast,-0.020482594,0.9898581,-0.19769916
talk.politics.mideast,-0.06009335,0.9954861,-0.11429118
rec.autos,-0.00019118586,0.2499488,-0.013094891
rec.sport.baseball,1.0455403,-0.2623832,-0.057600234
comp.graphics,-0.4633053,-0.24787416,0.076711565
sci.med,1.004074,0.1402149,-1.8306723
comp.graphics,-0.8223611,-0.41225863,0.16301532
sci.med,-0.1877236,0.7189564,1.3644055
rec.sport.baseball,1.0923649,-0.3438719,-0.06775247
rec.sport.baseball,0.64665085,-0.28221384,-0.07484569
sci.med,-0.12395414,0.22365889,0.44849905
sci.med,0.021189691,0.1560823,0.43796283
rec.sport.baseball,0.7715318,-0.20470001,-0.055304963
rec.sport.baseball,0.84859836,-0.2473205,-0.05327843
comp.graphics,-0.14184256,-0.12299131,0.07706908
rec.sport.baseball,0.7772754,-0.2878597,-0.08178278
rec.autos,-0.10751107,-0.22032729,-0.044221282
rec.autos,-0.09694794,0.043568972,0.013512671
rec.sport.baseball,0.8517201,-0.31206825,-0.0706506
sci.med,0.07544184,-0.12748164,0.05470215
sci.med,-0.26272294,-0.27808684,0.030895026
sci.med,0.013780605,0.34059155,0.56140023
talk.politics.mideast,-0.00377574,1.5841368,-0.4430043
comp.graphics,-0.65595514,-0.46076065,0.11062481
rec.sport.baseball,0.41597086,-0.4138262,-0.23419061
talk.politics.mideast,-0.057681967,1.2915236,-0.25310272
comp.graphics,-0.33351523,-0.2634406,0.045328803
comp.graphics,0.19534397,-0.37469926,-0.09301494
rec.autos,-0.039766937,-0.44230554,-0.26696613
rec.autos,-0.1729976,-0.46035767,-0.21683651
talk.politics.mideast,0.077911116,0.26207638,-0.08632942
rec.sport.baseball,0.8016842,-0.30257407,-0.07359609
sci.med,-0.09477256,0.12962148,0.32979983
sci.med,-0.23509532,-0.023122406,0.22579668
sci.med,-0.06298487,0.30213287,0.5710057
sci.med,-0.058122016,0.21531305,0.18068351
rec.autos,-0.13728423,-0.39153486,-0.33271888
rec.sport.baseball,1.1744272,-0.3666523,-0.07310928
rec.autos,-0.07616007,-0.12664914,-0.08565163
rec.autos,-0.2905548,-0.47803602,-0.29792672
rec.autos,-0.088600956,-0.122173116,-0.119380526
rec.autos,-0.3349013,-0.5814963,-0.3626499
comp.graphics,-0.36048788,-0.20875481,0.06275709
talk.politics.mideast,-0.022360621,1.018878,-0.21402171
sci.med,-0.049653165,0.015081076,0.19939639
comp.graphics,0.18295448,-0.36732414,-0.020089913
sci.med,-0.06876902,0.3215923,0.608064
talk.politics.mideast,-0.10106247,1.9210911,-0.44592178
comp.graphics,1.2540905,1.6288849,-1.8395625
rec.sport.baseball,1.0776671,-0.34305733,-0.067207545
comp.graphics,1.0007776,0.1355473,-1.8206909
rec.sport.baseball,0.34248564,-0.16282712,0.007968418
comp.graphics,-0.6864996,-0.45239443,0.10390598
rec.sport.baseball,0.28189045,-0.33889458,-0.13577083
rec.sport.baseball,0.9842192,-0.26923096,-0.041283302
talk.politics.mideast,-0.009052348,0.93521756,-0.14864984
sci.med,-0.09041865,0.42865247,0.615559
rec.sport.baseball,1.1573129,-0.32367378,-0.051371936
comp.graphics,0.03844625,-0.12788224,-0.011966466
rec.sport.baseball,0.5390499,-0.21720196,-0.0406119
sci.med,-0.04256073,0.34811467,0.67331326
rec.sport.baseball,0.36943406,-0.20774372,-0.082044944
rec.sport.baseball,0.17087047,-0.36017925,-0.073525265
talk.politics.mideast,0.022113835,0.4739523,-0.12047918
sci.med,-0.127077,0.2924528,0.51544124
rec.autos,-0.1944399,-0.34308562,-0.23364697
rec.autos,-0.09097431,-0.3664334,-0.23579942
talk.politics.mideast,-0.17595644,0.0854735,0.13592541
comp.graphics,0.10718614,-0.22565913,-0.04510623
rec.sport.baseball,1.0541694,-0.30413422,-0.058428504
rec.sport.baseball,0.5263011,0.011899348,-0.032837614
rec.sport.baseball,0.28917515,-0.33038077,-0.07549956
rec.autos,-0.105686516,-0.05489146,0.06792665
sci.med,-0.54798394,-0.40524423,0.073912
rec.sport.baseball,0.7615982,-0.20814753,-0.045248847
talk.politics.mideast,0.6209438,2.1522036,-1.0496787
rec.sport.baseball,1.1526475,-0.3610354,-0.073604636
rec.autos,-0.32267255,-0.43434718,-0.14703707
sci.med,-0.07029698,0.04128915,0.2593673
talk.politics.mideast,-0.061748296,0.5521244,0.0064782877
rec.sport.baseball,0.70880604,-0.29029375,-0.05464025
rec.sport.baseball,0.9322828,0.076833,0.07934333
rec.sport.baseball,0.12442487,0.16691558,-0.066213
talk.politics.mideast,-0.024990024,1.0423136,-0.2173394
rec.sport.baseball,1.4545742,-0.27848303,-0.023049448
comp.graphics,-0.38858142,0.056042425,0.1359798
rec.sport.baseball,0.42417365,-0.2628021,-0.0036053583
comp.graphics,-0.3671122,-0.18652765,0.0908463
sci.med,-0.9438386,-0.114093944,0.27141228
talk.politics.mideast,0.011299204,1.4506798,-0.4599029
comp.graphics,-0.14624064,-0.340115,-0.02356013
sci.med,-0.14925171,0.24277633,0.46115333
comp.graphics,-0.50225127,-0.41200057,0.09152062
talk.politics.mideast,0.24964508,-0.31744555,-0.10343957
talk.politics.mideast,-0.025022345,1.067372,-0.19838022
talk.politics.mideast,-0.036110662,1.1053983,-0.18654163
rec.autos,-0.2596384,-0.4641931,-0.26969033
comp.graphics,-0.6631765,-0.45104554,0.1171182
rec.autos,-0.40393,-0.27322853,0.11356426
rec.sport.baseball,0.8745622,-0.31443474,-0.07417158
talk.politics.mideast,0.614699,2.1427045,-1.0418547
sci.med,-0.19331188,0.32899576,0.55750585
rec.sport.baseball,1.1484951,-0.3049357,-0.04865279
talk.politics.mideast,-0.010053866,0.96165764,-0.1911561
rec.autos,-0.10242545,-0.2556555,-0.048014734
talk.politics.mideast,0.051618274,0.5294295,-0.15540315
talk.politics.mideast,-0.052681945,1.2228148,-0.20185387
sci.med,-0.1893031,-0.016752915,0.13866216
rec.sport.baseball,1.029966,-0.32401928,-0.06416094
comp.graphics,1.2516556,1.6256502,-1.8424499
talk.politics.mideast,0.0044508125,0.9415448,-0.16618389
sci.med,-0.15004013,0.4018351,0.7056625
rec.sport.baseball,0.7861904,-0.33304375,-0.077698044
comp.graphics,-0.24246185,0.18358508,-0.005320549
rec.autos,0.022050835,-0.43491587,-0.16485435
rec.autos,-0.20760207,-0.097130165,-0.1776285
rec.autos,-0.11460758,-0.18640742,-0.036297854
rec.sport.baseball,0.17134969,-0.29342288,-0.082003556
comp.graphics,0.017570946,-0.4171319,-0.046304215
sci.med,-0.09308136,0.19299263,0.27894267
talk.politics.mideast,0.00035023718,1.572004,-0.45022902
rec.sport.baseball,1.067415,-0.31909478,-0.056833185
rec.autos,0.0012655687,0.40502203,-0.11680246
rec.sport.baseball,0.15083523,-0.18042284,-0.013168886
talk.politics.mideast,-0.026928676,1.1478751,-0.24202208
rec.autos,-0.39703313,-0.18394421,0.05161067
rec.sport.baseball,1.00362,-0.31949738,-0.06540749
comp.graphics,-0.18737194,-0.3311006,0.03570072
sci.med,-0.022997182,0.14455473,0.3266472
comp.graphics,-0.5691171,-0.37104544,0.1099358
sci.med,-0.40889823,-0.025824364,0.18238135
talk.politics.mideast,-0.021180078,0.9891231,-0.2091638
comp.graphics,-0.36441997,-0.09495967,0.14346899
rec.autos,-0.025229592,-0.45090118,-0.3045719
comp.graphics,-0.8252545,-0.49818763,0.1425992
talk.politics.mideast,0.023602063,0.7797754,-0.15364271
sci.med,-0.07536228,0.2691502,0.46247876
comp.graphics,-0.35403627,-0.32040682,0.060225476
comp.graphics,-0.39491734,-0.05620795,0.09863744
comp.graphics,-0.3882429,-0.36049485,0.010877214
rec.sport.baseball,0.14190169,-0.18054359,-0.035991568
rec.autos,-0.40879288,-0.55866385,-0.9793139
sci.med,-0.12129062,0.34406063,0.528369
talk.politics.mideast,-0.01681889,1.2535272,-0.32624558
rec.sport.baseball,0.91932386,-0.30085912,-0.06361104
rec.autos,-0.33980045,-0.6667409,-0.4018386
talk.politics.mideast,-0.21096349,0.6612603,0.07234838
sci.med,-0.47403872,0.059055034,0.43224302
sci.med,-0.071276166,1.6749358,6.407658
rec.autos,0.12121647,-0.38900676,-0.14069988
comp.graphics,-0.29086927,-0.3065864,0.056262765
rec.sport.baseball,0.89927155,-0.31292102,-0.07276477
rec.sport.baseball,0.88298863,-0.21123388,-0.0381434
rec.sport.baseball,0.85491973,-0.30232662,-0.07806474
sci.med,-0.18568277,0.3878427,0.5184801
rec.autos,-0.06735597,-0.38642916,-0.12993681
sci.med,-0.25346434,0.6887199,0.98054713
comp.graphics,-0.5548307,-0.4085515,0.06027395
rec.sport.baseball,0.82437325,-0.32324356,-0.066657715
talk.politics.mideast,-0.052825183,0.7359674,-0.0074231774
comp.graphics,-0.4255331,-0.34012762,0.06906777
talk.politics.mideast,0.0021808723,1.7812539,-0.51566386
talk.politics.mideast,-0.013441505,1.0321336,-0.22244298
sci.med,-0.1469233,0.31226385,0.38056183
rec.autos,-0.051705,-0.24257714,-0.10022056
comp.graphics,-0.2307661,-0.33347216,0.031218247
comp.graphics,-0.42109197,-0.36317828,0.06433591
rec.sport.baseball,1.0077255,-0.32724172,-0.072493516
sci.med,-0.22106369,0.46822494,0.6297963
rec.sport.baseball,0.76535934,-0.2043005,-0.05590993
rec.sport.baseball,0.00889231,-0.285505,-0.024816966
rec.sport.baseball,0.6038304,-0.28130612,-0.059772596
sci.med,-0.070455335,0.32823747,0.5824014
rec.sport.baseball,0.77798915,-0.29881272,-0.06445982
talk.politics.mideast,-0.010461723,1.4362448,-0.3798628
comp.graphics,-0.21856886,-0.28807878,-0.0012690562
talk.politics.mideast,0.24970075,-0.32422665,-0.14381869
sci.med,-0.07985298,0.45179716,0.13343132
rec.autos,-0.28235298,-0.50133204,-0.27531835
comp.graphics,-0.047338072,-0.3346726,-0.024050988
rec.autos,-0.33595306,-0.668794,-0.3969698
comp.graphics,-0.22103131,-0.26956153,0.013098802
rec.sport.baseball,0.23399448,-0.3056408,-0.06084199
sci.med,0.23421575,-0.32619092,-0.116752595
talk.politics.mideast,0.020892937,0.6930052,-0.17543301
rec.sport.baseball,0.22090542,-0.11399385,-0.05570356
sci.med,0.01323395,0.45493686,1.0617048
rec.autos,-0.1447527,-0.32112995,-0.1525961
comp.graphics,-0.09629635,-0.058046646,0.09043406
rec.autos,-0.11012659,-0.30566415,-0.32025656
sci.med,-0.12934221,0.11151949,0.2950398
sci.med,-0.08934606,0.23177658,0.47107857
rec.sport.baseball,0.90005535,-0.3255771,-0.050082117
sci.med,-0.10226818,0.17483829,0.35628346
rec.autos,-0.0006955854,-0.3855907,-0.15612254
talk.politics.mideast,-0.07359094,0.98525065,-0.06689883
rec.autos,-0.1785256,-0.4371681,-0.20217195
rec.sport.baseball,1.1503614,-0.33042872,-0.06420012
comp.graphics,-0.04082766,-0.23484677,-0.011964066
sci.med,-0.14741598,0.4100409,0.7179016
sci.med,-0.1365055,0.3354583,0.65135026
rec.autos,-0.14164437,-0.17107713,-0.15076226
comp.graphics,-0.80038065,-0.4776809,0.13245596
rec.autos,0.30882302,-0.37781835,-0.15917312
rec.sport.baseball,0.58753943,-0.13750678,-0.020079818
comp.graphics,-0.71549225,-0.38889253,0.1374624
comp.graphics,-0.3017506,-0.34782428,-0.10270794
rec.autos,-0.30368263,-0.3967519,-0.24986376
comp.graphics,-0.44102174,-0.370805,0.057204437
rec.autos,-0.15191366,-0.38046822,-0.1586943
comp.graphics,-0.39876533,-0.2869149,0.025940116
rec.sport.baseball,1.1245409,-0.35569397,-0.0701949
comp.graphics,-0.6622404,-0.18124074,0.122539654
rec.autos,-0.10809905,-0.43317136,-0.25389773
rec.autos,-0.15963621,-0.29418483,-0.06075189
talk.politics.mideast,0.007901371,1.7712708,-0.5091733
comp.graphics,-0.4684045,-0.30461982,0.093287356
rec.autos,-0.27745658,-0.48508638,-0.30764756
rec.sport.baseball,1.0444559,-0.29393297,-0.048835374
comp.graphics,-0.6073876,-0.4010588,0.10418021
rec.sport.baseball,0.5300162,-0.33751234,-0.124640256
rec.autos,0.089791186,-0.2110725,-0.04806079
comp.graphics,-0.3111971,-0.3115549,0.027754016
rec.autos,0.104799435,-0.15064803,0.022883879
rec.autos,-0.049520295,-0.4117019,-0.19995755
rec.autos,-0.08631181,-0.453079,-0.21399595
rec.autos,-0.03506684,-0.3601884,-0.18623395
comp.graphics,-0.45715478,-0.19948849,0.032910313
talk.politics.mideast,-0.007524352,0.33491912,-0.09277643
sci.med,-0.050757524,0.2015975,0.4312728
rec.autos,-0.044577517,-0.38257474,-0.18048494
rec.sport.baseball,0.18535435,-0.31932738,-0.05882162
comp.graphics,-0.12582521,-0.102632165,0.0529778
rec.autos,-0.17751661,-0.47720456,-0.2551421
rec.autos,-0.2963204,-0.49889064,-0.34809116
comp.graphics,-0.41399574,-0.31938514,0.0728681
talk.politics.mideast,-0.00018401002,1.2911687,-0.33654398
comp.graphics,-0.63207537,-0.33588073,0.12760328
talk.politics.mideast,0.00826954,0.4726511,-0.017342139
talk.politics.mideast,-0.021767931,0.8336765,-0.16840146
sci.med,0.02818476,0.060668685,0.2639971
rec.sport.baseball,0.656514,-0.22983891,-0.05588123
rec.autos,0.5483208,-0.26870024,-0.08045705
sci.med,-0.076919824,0.20606597,0.16271198
sci.med,-0.24293876,0.13679992,0.31322524
rec.sport.baseball,0.1011868,-0.28023967,-0.014285589
sci.med,-0.24678326,0.5044537,0.70521504
talk.politics.mideast,0.008122019,1.676353,-0.49526834
talk.politics.mideast,-0.015069248,0.67357546,-0.08546329
sci.med,-0.012304754,0.35633174,0.6081979
rec.sport.baseball,0.4836129,-0.20892923,-0.026041819
comp.graphics,-0.3808394,-0.42282724,0.046994418
talk.politics.mideast,-0.035200633,1.508843,-0.25185958
comp.graphics,-0.5293414,0.63146126,0.85677046
rec.autos,-0.20603006,-0.36654374,-0.2491351
talk.politics.mideast,-0.11525533,0.20274714,-0.012340812
comp.graphics,-0.44725215,-0.36058265,0.07381957
comp.graphics,-0.558908,-0.36836395,0.09354718
talk.politics.mideast,-0.006358835,1.4800134,-0.4084845
sci.med,-0.16372512,-0.26960674,-0.11755128
rec.sport.baseball,1.2018858,-0.35471848,-0.07431996
comp.graphics,-0.42917207,-0.3380963,0.079572484
sci.med,0.080395184,-0.015745383,0.14855945
sci.med,-0.18633392,0.53728384,0.7147816
sci.med,-0.0042315396,0.4901576,-0.05881164
sci.med,-0.1216243,0.13121101,0.34502944
rec.sport.baseball,0.8188384,-0.3011041,-0.07185326
rec.sport.baseball,1.0875335,-0.34768704,-0.06993699
rec.autos,-0.09317841,-0.4213386,-0.2616599
sci.med,-0.07935204,-0.1790311,0.06822908
comp.graphics,0.030981706,-0.23755546,-0.0065072095
sci.med,-0.097366735,0.13735835,0.29854193
comp.graphics,0.24141723,-0.3450263,-0.14509636
sci.med,-0.30762872,-0.05511541,0.08293012
talk.politics.mideast,-0.040429056,0.8114184,-0.17137353
talk.politics.mideast,-0.021019127,0.71479505,-0.21150549
rec.sport.baseball,0.7839751,-0.2634394,-0.06301157
rec.sport.baseball,1.0966727,-0.3483264,-0.070751496
rec.sport.baseball,1.1828885,-0.33051842,-0.061719287
sci.med,0.07247803,-0.08471625,-0.0511914
talk.politics.mideast,-0.019401403,1.2240525,-0.21732734
talk.politics.mideast,0.00037131365,-0.032079026,0.015269757
comp.graphics,0.23150565,-0.33901912,-0.12308117
comp.graphics,-0.10020436,-0.39685193,-0.20724201
comp.graphics,-0.2826591,-0.41559613,0.02857837
comp.graphics,-0.19710143,-0.41497904,-0.003967651
rec.sport.baseball,0.24376267,-0.31253564,-0.113101386
comp.graphics,-0.417553,-0.30875024,0.07919614
sci.med,-0.26565236,0.43150705,0.85999674
comp.graphics,-0.61588275,-0.38174936,0.085095935
comp.graphics,-0.55643624,-0.18584822,0.10793353
rec.sport.baseball,1.0468315,-0.34706873,-0.07347662
rec.sport.baseball,0.49699262,-0.2709081,-0.059059348
comp.graphics,-0.6523781,-0.40664485,0.09621331
comp.graphics,-0.55165595,-0.29485947,0.11525518
sci.med,-0.22867422,0.57360244,0.8153457
sci.med,0.12921411,-0.2832931,-0.07417789
sci.med,0.044860665,0.07555518,0.33365715
sci.med,-0.4922604,0.45246327,0.62994134
sci.med,0.037934054,-0.24804038,0.019466424
rec.autos,-0.32564637,0.22089638,0.3830857
rec.autos,-0.09440428,-1.1375307,-0.39001957
comp.graphics,-0.53792334,-0.16372758,0.1277448
rec.sport.baseball,1.0981367,-0.30989408,-0.048244964
sci.med,-0.54322165,0.19090398,0.18737517
rec.sport.baseball,0.24490383,-0.34825674,-0.092943296
comp.graphics,-0.38747028,-0.3833082,0.058591127
rec.autos,-0.10231455,-0.29789376,-0.25348547
talk.politics.mideast,0.2808438,-0.3375775,-0.13655408
comp.graphics,-0.5523038,-0.4236561,0.07533089
rec.autos,-0.13947767,-0.3776387,-0.23848611
rec.sport.baseball,0.016591497,-0.20640124,-0.026423959
rec.autos,-0.13696964,-0.39661002,-0.3322352
rec.autos,0.1991408,0.5617733,-0.20434108
sci.med,-0.06634214,0.18285395,0.293282
talk.politics.mideast,-0.068303116,0.5179397,-0.048287075
sci.med,-0.1283599,0.53057605,0.6122792
rec.sport.baseball,1.0974528,-0.33273274,-0.06329802
sci.med,-0.12331936,-0.15560569,0.11755421
rec.autos,-0.043918505,-0.29823282,-0.15148164
sci.med,-0.08361397,0.29120317,0.5399258
sci.med,0.0061468133,0.46521834,1.0713328
comp.graphics,0.07791138,-0.33507928,-0.10806788
talk.politics.mideast,-0.1545895,1.8042141,-0.3239162
rec.autos,-0.20811628,-0.424814,-0.24655694
rec.sport.baseball,1.4499569,-0.22879481,-0.06127517
comp.graphics,0.14980298,-0.3010286,-0.047546983
rec.sport.baseball,0.90910614,-0.078849934,-0.033802174
talk.politics.mideast,-0.071912736,0.7024816,-0.025237577
talk.politics.mideast,-0.017917404,1.2375145,-0.2962299
comp.graphics,-0.3359602,-0.3365543,0.051500864
sci.med,-0.13177869,0.20676765,0.38645723
comp.graphics,-0.33738557,-0.31932312,0.048182916
rec.sport.baseball,5.061028,4.3943086,0.07840195
talk.politics.mideast,-0.034202144,1.1823083,-0.23239885
sci.med,-0.060961716,0.2922258,0.6088173
comp.graphics,-0.5153246,0.62581414,0.8385451
rec.autos,-0.12162199,-0.37722492,-0.17219187
rec.autos,-0.10628576,0.18873997,-0.058977675
rec.sport.baseball,0.6717029,-0.28563026,-0.084072895
rec.autos,0.23165694,-0.32556662,-0.11827986
sci.med,-0.12768573,0.16457954,0.36602837
talk.politics.mideast,0.023194259,0.33683884,-0.0027076227
talk.politics.mideast,-0.023210045,0.8744474,-0.16295518
rec.sport.baseball,0.22362462,-0.33841428,-0.080566816
comp.graphics,0.272326,-0.39394763,-0.14536403
comp.graphics,-0.22571719,-0.15115294,-0.026143841
talk.politics.mideast,-0.022613615,1.1085224,-0.1943839
talk.politics.mideast,0.020578884,0.4597522,-0.116956316
talk.politics.mideast,0.24120587,-0.2350512,-0.13889085
rec.autos,-0.31721395,-0.41803515,-0.16430986
sci.med,0.11662938,-0.10020409,0.033009365
rec.sport.baseball,0.6183182,-0.18452619,-0.049393024
sci.med,-0.08472436,0.21798253,0.42220092
rec.autos,-0.21707788,-0.25970623,0.015830282
rec.autos,0.0025301308,-0.3376035,-0.14798845
rec.sport.baseball,0.2059132,-0.11733678,0.01981482
comp.graphics,-0.424153,-0.19463016,0.013377334
comp.graphics,0.13235812,-0.29412726,-0.08796021
rec.autos,-0.1612695,-0.48447135,-0.2806823
rec.sport.baseball,1.2708359,-0.34709838,-0.056320433
rec.autos,-0.08468625,-0.40880778,-0.18851091
rec.autos,-0.019936737,-0.40200397,-0.15229397
sci.med,-0.24668694,0.3636052,0.62221503
talk.politics.mideast,-0.028193949,0.71404535,-0.07911081
comp.graphics,-0.3930517,-0.36215052,0.023182947
comp.graphics,-0.45492697,-0.26744705,0.092856854
talk.politics.mideast,0.0069933576,1.634546,-0.49458635
talk.politics.mideast,-0.1522661,1.8007569,-0.3215863
rec.autos,-0.2461339,-0.43048874,-0.22392045
talk.politics.mideast,0.23437114,-0.12515481,-0.0984811
comp.graphics,-0.5072733,-0.39517146,0.067340314
comp.graphics,-0.4801504,-0.35288697,0.07215876
rec.autos,0.2778592,-0.3276156,-0.11637405
rec.sport.baseball,0.5616768,-0.106411025,-0.009816983
talk.politics.mideast,-0.011068408,1.4359097,-0.37492025
talk.politics.mideast,-0.0034393845,1.5052215,-0.42617583
rec.autos,-0.34966478,-0.50598985,-0.2684984
comp.graphics,0.3793296,-0.42629117,-0.26708466
sci.med,-0.06867437,0.08475818,0.2828106
sci.med,-0.082321405,0.2185227,0.355048
rec.sport.baseball,0.325796,-0.31831375,-0.054260526
rec.sport.baseball,0.8376012,-0.22401571,-0.04386526
sci.med,-0.08683397,0.2212999,0.42720416
rec.sport.baseball,1.2264249,-0.3457295,-0.06695571
talk.politics.mideast,-0.019493535,1.2202965,-0.24699584
rec.sport.baseball,0.84594405,-0.22899196,-0.04729211
comp.graphics,-0.018592764,-0.36515763,-0.021605847
talk.politics.mideast,-0.04904923,1.3087878,-0.28293693
rec.sport.baseball,1.2372063,-0.33713484,-0.05648399
comp.graphics,-0.4550134,-0.29029122,0.050671846
talk.politics.mideast,2.0303643,1.2494831,6.1454964
rec.autos,0.14648512,-0.24249214,-0.07372177
sci.med,-0.11252662,0.32773075,0.48596942
sci.med,-0.07736956,0.43983138,0.19692104
comp.graphics,0.24501435,-0.37449306,-0.1265712
rec.sport.baseball,2.19581,0.7820314,-0.08383578
rec.sport.baseball,1.1043983,-0.34700376,-0.0678028
comp.graphics,0.06572678,-0.2369629,-0.05963372
rec.autos,-0.08020908,-0.3036797,-0.16833751
rec.sport.baseball,1.3031272,-0.3264732,-0.049272764
talk.politics.mideast,-0.015256252,1.4156607,-0.38072553
talk.politics.mideast,-0.061443415,0.99850506,-0.11296389
comp.graphics,0.09548775,-0.38931707,-0.09604162
rec.sport.baseball,0.9097508,-0.29516917,-0.05416058
talk.politics.mideast,-0.006699758,0.7314187,-0.18475668
rec.autos,0.12174581,0.5711324,-0.14412484
rec.autos,0.13557538,-0.16513106,-0.041205093
talk.politics.mideast,0.0069158226,0.8509964,-0.16476952
sci.med,-0.05664864,0.29297042,0.52236295
comp.graphics,-0.57905483,-0.1499047,0.15004975
comp.graphics,0.07187123,-0.19217749,-0.07871844
sci.med,0.0049703745,-0.047291704,0.15648475
rec.sport.baseball,0.27060392,-0.19032243,-0.06609014
talk.politics.mideast,0.002651743,0.49515736,-0.06945569
rec.autos,-0.021452677,-0.264976,-0.0023740984
comp.graphics,0.19069968,-0.39699873,-0.09131851
talk.politics.mideast,-0.00441069,1.6340218,-0.46144295
rec.autos,-0.07554773,0.37739876,-0.5534085
rec.autos,-0.24189556,-0.47266242,-0.23879625
rec.autos,-0.25684676,-0.35365984,-0.14419687
talk.politics.mideast,-0.058208555,-0.14729932,0.031795092
rec.autos,-0.26120034,-0.30766833,0.008613143
sci.med,-0.04690325,0.25286692,0.43618953
rec.autos,-0.29448953,-0.7081472,-0.48618197
sci.med,-0.12544164,0.12213746,0.3239696
sci.med,-0.17557648,-0.007236329,0.2241853
comp.graphics,-0.4489213,-0.35954383,0.056387648
talk.politics.mideast,0.018036429,0.51841164,-0.03770879
comp.graphics,-0.5866817,-0.39828426,0.079527594
rec.sport.baseball,1.0665581,-0.2990333,-0.054612804
comp.graphics,-0.30879447,-0.35983807,0.036617294
talk.politics.mideast,0.122220546,0.5056417,-0.03708808
rec.autos,-0.2462831,-0.37836346,-0.13394672
rec.sport.baseball,0.9725035,-0.28165174,-0.057692192
rec.sport.baseball,0.7317368,-0.31094486,-0.06383719
talk.politics.mideast,0.024696082,0.97865295,-0.16374794
rec.autos,-0.42115209,-0.11514457,0.11576321
rec.autos,-0.2866368,-0.3106352,0.00062105537
sci.med,-0.22014841,-0.30320287,0.016700177
rec.autos,-0.08404803,-1.0671388,-0.38345692
rec.sport.baseball,1.0320885,-0.2914293,-0.041640885
talk.politics.mideast,-0.050369512,1.0607237,-0.15600659
rec.autos,-0.012754748,-0.47058916,-0.16946915
sci.med,-0.056917775,0.37155092,0.3148354
sci.med,-0.15518138,0.39017335,0.46895468
comp.graphics,-0.38627052,-0.18956123,0.068469085
talk.politics.mideast,-0.0030799604,1.4512583,-0.39369404
rec.autos,-0.27390388,-0.40468282,-0.13192654
rec.autos,-0.28419504,-0.5540585,-0.43450418
comp.graphics,-0.12623541,-0.2847302,-0.057042778
talk.politics.mideast,-0.013557153,1.107352,-0.2370102
rec.autos,-0.24508162,-0.5760883,-0.32489687
sci.med,-0.07263805,0.2766375,0.5807546
comp.graphics,0.36027864,-0.3983953,-0.21060814
talk.politics.mideast,-0.026887069,1.0895263,-0.23871598
comp.graphics,0.08620012,-0.35580972,-0.074364096
talk.politics.mideast,-0.05604991,1.113549,-0.1666262
talk.politics.mideast,-0.001091758,0.96972823,-0.17866153
sci.med,0.25703695,-0.37605506,-0.14593709
rec.autos,-0.43100587,-0.6420181,-0.5294699
talk.politics.mideast,0.029397517,0.5127524,-0.071127385
sci.med,-0.60603684,0.35257396,0.6764091
comp.graphics,-0.4360603,-0.38533425,-0.0007938396
rec.sport.baseball,1.009724,-0.33525613,-0.06735506
rec.autos,-0.28672898,-0.6435061,-0.41165116
comp.graphics,-0.17291117,-0.36397144,0.011796616
sci.med,-0.15032727,0.211804,0.44169286
rec.autos,-0.31057197,-0.5159126,-0.3172535
comp.graphics,-0.35065132,0.006973751,0.08646333
comp.graphics,-0.7606528,-0.21793135,0.17479408
rec.autos,-0.10447627,-0.20812152,-0.0934674
rec.autos,-0.29150903,-0.4571884,-0.27033746
talk.politics.mideast,-0.01684375,0.6432918,-0.14416033
rec.autos,-0.026877759,-0.45009607,-0.17929101
comp.graphics,-0.26333782,-0.43668973,0.0036252234
rec.autos,-0.2063433,-0.3665822,-0.18259847
comp.graphics,-0.565787,-0.39992484,0.07656723
sci.med,-0.0049158596,-0.09552115,0.09262489
comp.graphics,-0.49631566,-0.39143887,0.06601346
sci.med,-0.2034783,0.49256104,0.9125693
rec.sport.baseball,0.47262976,-0.35767826,-0.13154672
talk.politics.mideast,-0.16763183,0.68892044,0.013647083
sci.med,-0.08509445,-0.09736464,0.101287544
talk.politics.mideast,-0.027054869,1.1384646,-0.23809743
talk.politics.mideast,-0.06720324,0.9145627,-0.04910965
rec.autos,-0.25499436,-0.50108284,-0.2802094
rec.sport.baseball,0.94526076,-0.2937159,-0.0412095
rec.autos,-0.42343375,-0.57452327,-1.0219434
comp.graphics,-0.49156123,-0.36861274,0.07967546
rec.autos,-0.19840218,-0.37151802,-0.14507478
rec.autos,-0.157361,0.061328474,-0.08298674
rec.sport.baseball,0.398343,-0.23829111,-0.054885186
talk.politics.mideast,0.0061734766,1.6378523,-0.47934654
talk.politics.mideast,-0.09444277,1.8496537,-0.42836162
sci.med,-0.039044123,0.28913268,0.3515492
comp.graphics,-0.56343627,-0.12029171,0.15650934
